 
    >>Normalized Constraint Values:
     0.12E+01     0.40E-01     0.13E+01
    -0.44E+00     0.17E-01    -0.38E+00
    -0.21E+01     0.21E-01    -0.20E+01
    -0.32E+01     0.40E-01    -0.31E+01
    -0.16E+01     0.17E-01    -0.15E+01
     0.60E-01     0.21E-01     0.12E+00
     0.13E+00     0.41E-01     0.25E+00
     0.23E+01     0.51E-01     0.24E+01
 
 
    >>Objective:       7.6597       0.0049       7.6647
    >>Coeff of variance:       0.0092
 
 iter    objective      ||grad||        inf_pr          inf_du         lg(mu)
    0  0.7664671E+01  0.0000000E+00  0.2415565E+01  0.1163889E+01  0.1000000E+01
 
    >>Normalized Constraint Values:
     0.66E+00     0.23E-01     0.73E+00
    -0.41E+00     0.19E-01    -0.35E+00
    -0.18E+01     0.19E-01    -0.18E+01
    -0.27E+01     0.23E-01    -0.26E+01
    -0.16E+01     0.19E-01    -0.15E+01
    -0.15E+00     0.19E-01    -0.96E-01
    -0.11E+00     0.40E-01     0.15E-01
     0.15E+01     0.31E-01     0.16E+01
 
 
    >>Objective:       9.2496       0.0193       9.2689
    >>Coeff of variance:       0.0150
    1  0.9268916E+01  0.1491843E+01  0.1705727E+01  0.1025382E+02  0.3068602E+00
 
    >>Normalized Constraint Values:
     0.28E+00     0.11E-01     0.32E+00
    -0.25E+00     0.14E-01    -0.20E+00
    -0.14E+01     0.30E-01    -0.13E+01
    -0.23E+01     0.11E-01    -0.23E+01
    -0.18E+01     0.14E-01    -0.17E+01
    -0.59E+00     0.30E-01    -0.50E+00
     0.68E-01     0.52E-01     0.22E+00
     0.64E+00     0.31E-01     0.73E+00
 
 
    >>Objective:       9.7719       0.0160       9.7880
    >>Coeff of variance:       0.0130
    2  0.9787968E+01  0.9419013E+00  0.7836166E+00  0.4446077E+01  0.3551857E+00
 
    >>Normalized Constraint Values:
     0.39E-01     0.13E-01     0.78E-01
    -0.30E+00     0.17E-01    -0.25E+00
    -0.13E+01     0.23E-01    -0.13E+01
    -0.20E+01     0.13E-01    -0.20E+01
    -0.17E+01     0.17E-01    -0.17E+01
    -0.68E+00     0.23E-01    -0.61E+00
     0.49E-01     0.49E-01     0.20E+00
     0.42E+00     0.25E-01     0.49E+00
 
 
    >>Objective:      11.7815       0.0301      11.8116
    >>Coeff of variance:       0.0147
    3  0.1181160E+02  0.1231687E+01  0.4929478E+00  0.1285520E+02  0.3609436E+00
 
    >>Normalized Constraint Values:
    -0.14E+00     0.55E-02    -0.13E+00
    -0.52E+00     0.11E-01    -0.48E+00
    -0.13E+01     0.27E-01    -0.12E+01
    -0.19E+01     0.55E-02    -0.18E+01
    -0.15E+01     0.11E-01    -0.14E+01
    -0.68E+00     0.27E-01    -0.60E+00
    -0.37E+00     0.44E-01    -0.23E+00
     0.13E+00     0.28E-01     0.22E+00
 
 
    >>Objective:      13.6873       0.0314      13.7187
    >>Coeff of variance:       0.0130
    4  0.1371872E+02  0.1654596E+01  0.2290252E+00  0.1263383E+02  0.2076955E+00
 
    >>Normalized Constraint Values:
    -0.12E+00     0.61E-02    -0.10E+00
    -0.43E+00     0.17E-01    -0.38E+00
    -0.12E+01     0.26E-01    -0.11E+01
    -0.19E+01     0.61E-02    -0.19E+01
    -0.16E+01     0.17E-01    -0.15E+01
    -0.79E+00     0.26E-01    -0.72E+00
    -0.98E-01     0.54E-01     0.65E-01
     0.66E-01     0.22E-01     0.13E+00
 
 
    >>Objective:      13.9717       0.0416      14.0133
    >>Coeff of variance:       0.0146
    5  0.1401327E+02  0.5997950E+00  0.1411773E+00  0.4353156E+01  0.9483360E-01
 
    >>Normalized Constraint Values:
    -0.16E+00     0.64E-02    -0.14E+00
    -0.45E+00     0.16E-01    -0.40E+00
    -0.12E+01     0.25E-01    -0.11E+01
    -0.18E+01     0.64E-02    -0.18E+01
    -0.16E+01     0.16E-01    -0.15E+01
    -0.79E+00     0.25E-01    -0.72E+00
    -0.12E+00     0.53E-01     0.37E-01
     0.28E-01     0.22E-01     0.94E-01
 
 
    >>Objective:      14.5396       0.0465      14.5861
    >>Coeff of variance:       0.0148
    6  0.1458613E+02  0.4466804E+00  0.9730364E-01  0.6885222E+01  0.1217913E-01
 
    >>Normalized Constraint Values:
    -0.25E+00     0.83E-02    -0.23E+00
    -0.48E+00     0.14E-01    -0.44E+00
    -0.12E+01     0.21E-01    -0.11E+01
    -0.17E+01     0.83E-02    -0.17E+01
    -0.15E+01     0.14E-01    -0.15E+01
    -0.80E+00     0.21E-01    -0.74E+00
    -0.18E+00     0.47E-01    -0.36E-01
    -0.37E-01     0.21E-01     0.25E-01
 
 
    >>Objective:      16.1361       0.0624      16.1985
    >>Coeff of variance:       0.0155
    7  0.1619851E+02  0.6970246E+00  0.3164674E-01  0.3342099E+01  0.2041722E-01
 
    >>Normalized Constraint Values:
    -0.25E+00     0.81E-02    -0.23E+00
    -0.48E+00     0.14E-01    -0.43E+00
    -0.12E+01     0.19E-01    -0.11E+01
    -0.17E+01     0.81E-02    -0.17E+01
    -0.15E+01     0.14E-01    -0.15E+01
    -0.82E+00     0.19E-01    -0.76E+00
    -0.15E+00     0.46E-01    -0.83E-02
    -0.61E-01     0.19E-01    -0.37E-02
 
 
    >>Objective:      16.6488       0.0677      16.7165
    >>Coeff of variance:       0.0156
    8  0.1671648E+02  0.2751937E+00  0.6415746E-02  0.2564566E+01  0.2233112E-02
 
    >>Normalized Constraint Values:
    -0.23E+00     0.74E-02    -0.21E+00
    -0.47E+00     0.14E-01    -0.43E+00
    -0.12E+01     0.19E-01    -0.11E+01
    -0.18E+01     0.74E-02    -0.17E+01
    -0.15E+01     0.14E-01    -0.15E+01
    -0.82E+00     0.19E-01    -0.76E+00
    -0.14E+00     0.47E-01     0.37E-02
    -0.58E-01     0.19E-01    -0.14E-02
 
 
    >>Objective:      16.4666       0.0643      16.5309
    >>Coeff of variance:       0.0154
    9  0.1653086E+02  0.1399414E+00  0.4362500E-02  0.9514342E+00  0.6691328E-03
 
    >>Normalized Constraint Values:
    -0.23E+00     0.73E-02    -0.20E+00
    -0.47E+00     0.14E-01    -0.43E+00
    -0.12E+01     0.19E-01    -0.11E+01
    -0.18E+01     0.73E-02    -0.18E+01
    -0.15E+01     0.14E-01    -0.15E+01
    -0.82E+00     0.19E-01    -0.76E+00
    -0.14E+00     0.46E-01     0.31E-03
    -0.56E-01     0.19E-01    -0.21E-03
 
 
    >>Objective:      16.4334       0.0638      16.4972
    >>Coeff of variance:       0.0154
   10  0.1649720E+02  0.9617618E-02  0.3551587E-03  0.1035806E+00  0.1909647E-04
 
    >>Normalized Constraint Values:
    -0.23E+00     0.73E-02    -0.20E+00
    -0.47E+00     0.14E-01    -0.43E+00
    -0.12E+01     0.19E-01    -0.11E+01
    -0.18E+01     0.73E-02    -0.18E+01
    -0.15E+01     0.14E-01    -0.15E+01
    -0.82E+00     0.19E-01    -0.76E+00
    -0.14E+00     0.46E-01    -0.13E-03
    -0.56E-01     0.19E-01    -0.36E-04
 
 
    >>Objective:      16.4283       0.0638      16.4921
    >>Coeff of variance:       0.0154
   11  0.1649209E+02  0.2103062E-02  0.1298391E-03  0.2904471E-01  0.3060008E-06
 
    >>Normalized Constraint Values:
    -0.23E+00     0.73E-02    -0.20E+00
    -0.47E+00     0.14E-01    -0.43E+00
    -0.12E+01     0.19E-01    -0.11E+01
    -0.18E+01     0.73E-02    -0.18E+01
    -0.15E+01     0.14E-01    -0.15E+01
    -0.82E+00     0.19E-01    -0.76E+00
    -0.14E+00     0.46E-01     0.11E-03
    -0.56E-01     0.19E-01     0.14E-03
 
 
    >>Objective:      16.4271       0.0638      16.4909
    >>Coeff of variance:       0.0154
   12  0.1649090E+02  0.2491063E-02  0.1726645E-03  0.8921972E-01  0.2441487E-07
 
    >>Normalized Constraint Values:
    -0.23E+00     0.73E-02    -0.20E+00
    -0.47E+00     0.14E-01    -0.43E+00
    -0.12E+01     0.19E-01    -0.11E+01
    -0.18E+01     0.73E-02    -0.18E+01
    -0.15E+01     0.14E-01    -0.15E+01
    -0.82E+00     0.19E-01    -0.76E+00
    -0.14E+00     0.46E-01     0.20E-03
    -0.56E-01     0.19E-01    -0.87E-04
 
 
    >>Objective:      16.4311       0.0637      16.4948
    >>Coeff of variance:       0.0154
 
    >>Normalized Constraint Values:
    -0.23E+00     0.73E-02    -0.20E+00
    -0.47E+00     0.14E-01    -0.43E+00
    -0.12E+01     0.19E-01    -0.11E+01
    -0.18E+01     0.73E-02    -0.18E+01
    -0.15E+01     0.14E-01    -0.15E+01
    -0.82E+00     0.19E-01    -0.76E+00
    -0.14E+00     0.46E-01    -0.37E-03
    -0.56E-01     0.19E-01    -0.55E-04
 
 
    >>Objective:      16.4291       0.0638      16.4929
    >>Coeff of variance:       0.0154
   13  0.1649289E+02  0.2357816E-02  0.3717727E-03  0.1738332E-01  0.3296608E-09
 
    >>Normalized Constraint Values:
    -0.23E+00     0.73E-02    -0.20E+00
    -0.47E+00     0.14E-01    -0.43E+00
    -0.12E+01     0.19E-01    -0.11E+01
    -0.18E+01     0.73E-02    -0.18E+01
    -0.15E+01     0.14E-01    -0.15E+01
    -0.82E+00     0.19E-01    -0.76E+00
    -0.14E+00     0.46E-01     0.36E-03
    -0.56E-01     0.19E-01    -0.14E-03
 
 
    >>Objective:      16.4269       0.0635      16.4904
    >>Coeff of variance:       0.0153
   14  0.1649035E+02  0.1432391E-02  0.3566489E-03  0.5589818E-02  0.2555148E-09
 
    >>Normalized Constraint Values:
    -0.23E+00     0.73E-02    -0.20E+00
    -0.47E+00     0.14E-01    -0.43E+00
    -0.12E+01     0.19E-01    -0.11E+01
    -0.18E+01     0.73E-02    -0.18E+01
    -0.15E+01     0.14E-01    -0.15E+01
    -0.82E+00     0.19E-01    -0.76E+00
    -0.14E+00     0.46E-01    -0.34E-04
    -0.56E-01     0.19E-01     0.14E-03
 
 
    >>Objective:      16.4238       0.0636      16.4874
    >>Coeff of variance:       0.0154
   15  0.1648740E+02  0.1128759E-02  0.1640477E-03  0.1569909E-01  0.1000000E-10
 
    >>Normalized Constraint Values:
    -0.23E+00     0.73E-02    -0.20E+00
    -0.47E+00     0.14E-01    -0.43E+00
    -0.12E+01     0.19E-01    -0.11E+01
    -0.18E+01     0.73E-02    -0.18E+01
    -0.15E+01     0.14E-01    -0.15E+01
    -0.82E+00     0.19E-01    -0.76E+00
    -0.14E+00     0.46E-01    -0.29E-03
    -0.56E-01     0.19E-01     0.20E-04
 
 
    >>Objective:      16.4276       0.0635      16.4911
    >>Coeff of variance:       0.0153
 
    >>Normalized Constraint Values:
    -0.23E+00     0.73E-02    -0.20E+00
    -0.47E+00     0.14E-01    -0.43E+00
    -0.12E+01     0.19E-01    -0.11E+01
    -0.18E+01     0.73E-02    -0.18E+01
    -0.15E+01     0.14E-01    -0.15E+01
    -0.82E+00     0.19E-01    -0.76E+00
    -0.14E+00     0.46E-01     0.33E-03
    -0.56E-01     0.19E-01     0.14E-03
 
 
    >>Objective:      16.4275       0.0638      16.4913
    >>Coeff of variance:       0.0154
 
    >>Normalized Constraint Values:
    -0.23E+00     0.73E-02    -0.20E+00
    -0.47E+00     0.14E-01    -0.43E+00
    -0.12E+01     0.19E-01    -0.11E+01
    -0.18E+01     0.73E-02    -0.18E+01
    -0.15E+01     0.14E-01    -0.15E+01
    -0.82E+00     0.19E-01    -0.76E+00
    -0.14E+00     0.46E-01    -0.23E-03
    -0.56E-01     0.19E-01     0.64E-04
 
 
    >>Objective:      16.4257       0.0641      16.4898
    >>Coeff of variance:       0.0154
   16  0.1648978E+02  0.1143289E-02  0.2343314E-03  0.3348266E-01  0.1000000E-10
 
    >>Normalized Constraint Values:
    -0.23E+00     0.73E-02    -0.20E+00
    -0.47E+00     0.14E-01    -0.43E+00
    -0.12E+01     0.19E-01    -0.11E+01
    -0.18E+01     0.73E-02    -0.18E+01
    -0.15E+01     0.14E-01    -0.15E+01
    -0.82E+00     0.19E-01    -0.76E+00
    -0.14E+00     0.46E-01     0.69E-04
    -0.56E-01     0.19E-01     0.14E-03
 
 
    >>Objective:      16.4270       0.0637      16.4907
    >>Coeff of variance:       0.0154
 
    >>Normalized Constraint Values:
    -0.23E+00     0.73E-02    -0.20E+00
    -0.47E+00     0.14E-01    -0.43E+00
    -0.12E+01     0.19E-01    -0.11E+01
    -0.18E+01     0.73E-02    -0.18E+01
    -0.15E+01     0.14E-01    -0.15E+01
    -0.82E+00     0.19E-01    -0.76E+00
    -0.14E+00     0.46E-01    -0.53E-04
    -0.56E-01     0.19E-01    -0.10E-04
 
 
    >>Objective:      16.4311       0.0638      16.4949
    >>Coeff of variance:       0.0154
   17  0.1649490E+02  0.1340421E-03  0.7393023E-04  0.3946476E-01  0.1000000E-10
 
 The solution was found.
 
 The final value of the objective function is    16.4948963561927     
 
 The optimal values of X are:
 
 X  (           1 ) =    5.00000000000000      in^2
 X  (           2 ) =    1.97521770559306      in^2
 X  (           3 ) =    3.12409086193500      in^2
 X  (           4 ) =    37.5067373655013      deg
 X  (           5 ) =    60.0000000000000      deg
 X  (           6 ) =    148.187399534644      deg
 
 The multipliers for the equality constraints are:
 
 LAM(           1 ) =   4.903631661082264E-011
 LAM(           2 ) =   2.323841409523447E-011
 LAM(           3 ) =   8.885885097126792E-012
 LAM(           4 ) =   5.707323257028061E-012
 LAM(           5 ) =   6.739017179047671E-012
 LAM(           6 ) =   1.317874329297539E-011
 LAM(           7 ) =    1.89011917179656     
 LAM(           8 ) =    27.5842833098266     
 
Weight, variance, SD, CV:      16.4311       0.0638       0.2526       0.0154
