     1    0.3471001646E+00    0.5121282644E+00    0.1558496952E+02    0.0000000000E+00    0.4960000000E+03   -0.1000000000E+01    0.2016129032E-02
     2    0.1356924069E-01    0.3323515589E+00    0.1026320449E+02    0.0000000000E+00    0.5030000000E+03   -0.1000000000E+01    0.1988071571E-02
     3    0.7828297395E+00    0.8866965426E+00    0.1811042442E+02    0.0000000000E+00    0.4520000000E+03   -0.1000000000E+01    0.2212389381E-02
     4    0.4247047958E+00    0.6839549311E+00    0.1818474447E+02    0.0000000000E+00    0.4310000000E+03   -0.1000000000E+01    0.2320185615E-02
     5    0.2742174446E+00    0.6338222617E-02    0.7012455769E+01    0.2762135864E-02    0.6000000000E+03   -0.1000000000E+01    0.1666666667E-02
     6    0.8028083092E+00    0.1736089612E+00    0.1800893567E+02    0.0000000000E+00    0.4730000000E+03   -0.1000000000E+01    0.2114164905E-02
     7    0.8339627861E+00    0.6531223509E+00    0.1809817915E+02    0.0000000000E+00    0.4680000000E+03   -0.1000000000E+01    0.2136752137E-02
     8    0.5044602786E+00    0.7557051034E+00    0.1820563732E+02    0.0000000000E+00    0.4210000000E+03   -0.1000000000E+01    0.2375296912E-02
     9    0.7152568880E+00    0.8701869883E+00    0.1811075570E+02    0.0000000000E+00    0.4490000000E+03   -0.1000000000E+01    0.2227171492E-02
    10    0.1082166589E+00    0.1050784470E+00    0.7913038484E+01    0.1291870757E-02    0.5720000000E+03   -0.1000000000E+01    0.1748251748E-02
    11    0.4788036569E+00    0.8040644535E+00    0.1814594045E+02    0.0000000000E+00    0.4390000000E+03   -0.1000000000E+01    0.2277904328E-02
    12    0.8901931170E+00    0.5881616433E+00    0.1811042388E+02    0.0000000000E+00    0.4650000000E+03   -0.1000000000E+01    0.2150537634E-02
    13    0.3239444821E+00    0.1526911098E+00    0.9161801870E+01    0.0000000000E+00    0.5050000000E+03   -0.1000000000E+01    0.1980198020E-02
    14    0.9255714602E+00    0.7361523143E+00    0.1811042442E+02    0.0000000000E+00    0.4530000000E+03   -0.1000000000E+01    0.2207505519E-02
    15    0.5671366834E+00    0.4996697044E+00    0.1632775605E+02    0.0000000000E+00    0.4940000000E+03   -0.1000000000E+01    0.2024291498E-02
    16    0.6222265611E+00    0.6982354921E-01    0.1645024105E+02    0.0000000000E+00    0.4920000000E+03   -0.1000000000E+01    0.2032520325E-02
    17    0.2338181756E+00    0.2231084813E+00    0.9746586973E+01    0.0000000000E+00    0.5040000000E+03   -0.1000000000E+01    0.1984126984E-02
    18    0.6686383967E+00    0.3947269081E+00    0.1718395778E+02    0.0000000000E+00    0.4880000000E+03   -0.1000000000E+01    0.2049180328E-02
    19    0.6337267548E+00    0.2787902260E+00    0.1666643972E+02    0.0000000000E+00    0.4900000000E+03   -0.1000000000E+01    0.2040816327E-02
    20    0.9854489854E+00    0.9869187085E+00    0.1811042442E+02    0.0000000000E+00    0.4530000000E+03   -0.1000000000E+01    0.2207505519E-02
    21    0.1507180184E+00    0.5574434603E+00    0.1656531514E+02    0.1314737502E-02    0.5730000000E+03   -0.1000000000E+01    0.1745200698E-02
    22    0.3989916658E+00    0.4462975938E+00    0.1424234553E+02    0.0000000000E+00    0.4980000000E+03   -0.1000000000E+01    0.2008032129E-02
    23    0.2067080683E+00    0.3387194650E+00    0.1122222451E+02    0.0000000000E+00    0.5010000000E+03   -0.1000000000E+01    0.1996007984E-02
    24    0.6143538435E-01    0.9220548261E+00    0.1811042442E+02    0.0000000000E+00    0.4530000000E+03   -0.1000000000E+01    0.2207505519E-02
    25    0.4945979461E+00    0.2509493509E+00    0.1355306912E+02    0.0000000000E+00    0.4990000000E+03   -0.1000000000E+01    0.2004008016E-02
    26    0.4747287796E+00    0.3310024627E+00    0.1343245409E+02    0.1244877811E-02    0.5700000000E+03   -0.1000000000E+01    0.1754385965E-02
    27    0.9332204657E+00    0.6086660949E+00    0.1811042442E+02    0.0000000000E+00    0.4530000000E+03   -0.1000000000E+01    0.2207505519E-02
    28    0.3381286938E+00    0.8485207095E+00    0.1811222173E+02    0.0000000000E+00    0.4470000000E+03   -0.1000000000E+01    0.2237136465E-02
    29    0.4784096572E+00    0.1000000000E+01    0.1811042442E+02    0.0000000000E+00    0.4530000000E+03   -0.1000000000E+01    0.2207505519E-02
    30    0.8541394928E+00    0.3475310899E+00    0.1810621567E+02    0.0000000000E+00    0.4670000000E+03   -0.1000000000E+01    0.2141327623E-02
    31    0.5733793886E+00    0.6406452373E+00    0.1784583291E+02    0.0000000000E+00    0.4850000000E+03   -0.1000000000E+01    0.2061855670E-02
    32    0.4181399219E+00    0.7342307240E+00    0.1824004582E+02    0.0000000000E+00    0.3860000000E+03   -0.1000000000E+01    0.2590673575E-02
    33    0.1057619799E+00    0.2813045627E+00    0.9588656652E+01    0.2128368625E-02    0.5990000000E+03   -0.1000000000E+01    0.1669449082E-02
    34    0.2490474374E+00    0.4688236561E-01    0.7057490347E+01    0.1091830067E-02    0.5600000000E+03   -0.1000000000E+01    0.1785714286E-02
    35    0.1955269999E+00    0.3105657415E+00    0.1070485774E+02    0.0000000000E+00    0.5020000000E+03   -0.1000000000E+01    0.1992031873E-02
    36    0.2449992439E+00    0.2512622049E+00    0.1018545135E+02    0.1381067932E-02    0.5750000000E+03   -0.1000000000E+01    0.1739130435E-02
    37    0.5833851327E+00    0.9561317080E+00    0.1811042442E+02    0.0000000000E+00    0.4530000000E+03   -0.1000000000E+01    0.2207505519E-02
    38    0.7195018756E+00    0.1000000000E+01    0.1811042442E+02    0.0000000000E+00    0.4530000000E+03   -0.1000000000E+01    0.2207505519E-02
    39    0.4084699206E+00    0.4589500421E+00    0.1454200381E+02    0.0000000000E+00    0.4970000000E+03   -0.1000000000E+01    0.2012072435E-02
    40    0.5576584286E+00    0.4870172561E+00    0.1610530208E+02    0.0000000000E+00    0.4950000000E+03   -0.1000000000E+01    0.2020202020E-02
    41    0.4928325645E+00    0.7395249420E+00    0.1822253618E+02    0.0000000000E+00    0.4080000000E+03   -0.1000000000E+01    0.2450980392E-02
    42    0.4363325099E+00    0.7001350925E+00    0.1822674081E+02    0.0000000000E+00    0.4050000000E+03   -0.1000000000E+01    0.2469135802E-02
    43    0.5248635888E+00    0.6828877061E+00    0.1814002033E+02    0.0000000000E+00    0.4410000000E+03   -0.1000000000E+01    0.2267573696E-02
    44    0.4043014856E+00    0.7567723284E+00    0.1821575629E+02    0.0000000000E+00    0.4170000000E+03   -0.1000000000E+01    0.2398081535E-02
    45    0.4973260531E+00    0.8041222193E+00    0.1814475479E+02    0.0000000000E+00    0.4400000000E+03   -0.1000000000E+01    0.2272727273E-02
    46    0.4859378825E+00    0.7556473376E+00    0.1820869580E+02    0.0000000000E+00    0.4200000000E+03   -0.1000000000E+01    0.2380952381E-02
    47    0.6340095489E+00    0.3454101900E+00    0.1670206432E+02    0.0000000000E+00    0.4890000000E+03   -0.1000000000E+01    0.2044989775E-02
    48    0.6219437670E+00    0.3203585259E-02    0.1644453226E+02    0.0000000000E+00    0.4930000000E+03   -0.1000000000E+01    0.2028397566E-02
    49    0.4348757565E+00    0.0000000000E+00    0.1161946334E+02    0.0000000000E+00    0.5000000000E+03   -0.1000000000E+01    0.2000000000E-02
    50    0.3072086476E+00    0.9435579789E+00    0.1811042442E+02    0.0000000000E+00    0.4530000000E+03   -0.1000000000E+01    0.2207505519E-02
    51    0.2945576492E+00    0.9612637022E+00    0.1811042442E+02    0.0000000000E+00    0.4530000000E+03   -0.1000000000E+01    0.2207505519E-02
    52    0.4518158413E+00    0.0000000000E+00    0.1213410184E+02    0.1314737502E-02    0.5730000000E+03   -0.1000000000E+01    0.1745200698E-02
    53    0.4599633356E+00    0.7514138414E+00    0.1821783191E+02    0.1386453006E-02    0.5760000000E+03   -0.1000000000E+01    0.1736111111E-02
    54    0.4575740247E+00    0.6720660316E+00    0.1812127862E+02    0.0000000000E+00    0.4440000000E+03   -0.1000000000E+01    0.2252252252E-02
    55    0.4325487631E+00    0.6989364813E+00    0.1822501750E+02    0.0000000000E+00    0.4070000000E+03   -0.1000000000E+01    0.2457002457E-02
    56    0.3887337099E+00    0.7184260008E+00    0.1825006645E+02    0.0000000000E+00    0.3490000000E+03   -0.1000000000E+01    0.2865329513E-02
    57    0.4422988698E+00    0.7145858921E+00    0.1824090857E+02    0.1428944047E-02    0.5890000000E+03   -0.1000000000E+01    0.1697792869E-02
    58    0.4121735619E+00    0.7197799244E+00    0.1824694322E+02    0.0000000000E+00    0.3740000000E+03   -0.1000000000E+01    0.2673796791E-02
    59    0.4214821656E+00    0.7052458407E+00    0.1823731182E+02    0.0000000000E+00    0.3890000000E+03   -0.1000000000E+01    0.2570694087E-02
    60    0.4395551400E+00    0.6363715086E+00    0.1784092286E+02    0.1597442911E-02    0.5960000000E+03   -0.1000000000E+01    0.1677852349E-02
    61    0.4839598183E+00    0.1643499118E+00    0.1314269133E+02    0.1582212085E-02    0.5930000000E+03   -0.1000000000E+01    0.1686340641E-02
    62    0.1832275410E+00    0.6167631777E+00    0.1761242393E+02    0.0000000000E+00    0.4870000000E+03   -0.1000000000E+01    0.2053388090E-02
    63    0.4131846080E+00    0.7286608807E+00    0.1824465693E+02    0.0000000000E+00    0.3810000000E+03   -0.1000000000E+01    0.2624671916E-02
    64    0.4515190049E+00    0.7623421717E+00    0.1820528361E+02    0.0000000000E+00    0.4220000000E+03   -0.1000000000E+01    0.2369668246E-02
    65    0.6741657789E+00    0.8177329246E+00    0.1811902443E+02    0.0000000000E+00    0.4450000000E+03   -0.1000000000E+01    0.2247191011E-02
    66    0.5256235030E+00    0.8565185172E+00    0.1811096894E+02    0.0000000000E+00    0.4480000000E+03   -0.1000000000E+01    0.2232142857E-02
    67    0.5157945801E+00    0.6487849333E+00    0.1793597196E+02    0.1093534721E-02    0.5610000000E+03   -0.1000000000E+01    0.1782531194E-02
    68    0.9477779255E+00    0.5640824983E+00    0.1811042442E+02    0.0000000000E+00    0.4530000000E+03   -0.1000000000E+01    0.2207505519E-02
    69    0.4068396534E+00    0.7543476970E+00    0.1821906155E+02    0.0000000000E+00    0.4130000000E+03   -0.1000000000E+01    0.2421307506E-02
    70    0.4902943968E+00    0.7419495734E+00    0.1822193010E+02    0.0000000000E+00    0.4100000000E+03   -0.1000000000E+01    0.2439024390E-02
    71    0.4601506327E+00    0.6749201541E+00    0.1813488494E+02    0.0000000000E+00    0.4430000000E+03   -0.1000000000E+01    0.2257336343E-02
    72    0.4806421558E+00    0.7809200419E+00    0.1817774856E+02    0.0000000000E+00    0.4330000000E+03   -0.1000000000E+01    0.2309468822E-02
    73    0.4409195135E+00    0.7977934793E+00    0.1815557657E+02    0.0000000000E+00    0.4370000000E+03   -0.1000000000E+01    0.2288329519E-02
    74    0.5842757164E+00    0.0000000000E+00    0.1569113296E+02    0.1423572240E-02    0.5870000000E+03   -0.1000000000E+01    0.1703577513E-02
    75    0.3742610368E+00    0.7783719968E+00    0.1818650067E+02    0.0000000000E+00    0.4300000000E+03   -0.1000000000E+01    0.2325581395E-02
    76    0.3778022142E+00    0.7561691703E+00    0.1821753738E+02    0.0000000000E+00    0.4160000000E+03   -0.1000000000E+01    0.2403846154E-02
    77    0.3819212565E+00    0.7015017241E+00    0.1823835273E+02    0.0000000000E+00    0.3870000000E+03   -0.1000000000E+01    0.2583979328E-02
    78    0.4170872316E+00    0.6526869472E+00    0.1799897420E+02    0.0000000000E+00    0.4750000000E+03   -0.1000000000E+01    0.2105263158E-02
    79    0.1000000000E+01    0.7294539513E+00    0.1811042442E+02    0.0000000000E+00    0.4530000000E+03   -0.1000000000E+01    0.2207505519E-02
    80    0.2688152900E+00    0.5530545478E+00    0.1647886417E+02    0.0000000000E+00    0.4910000000E+03   -0.1000000000E+01    0.2036659878E-02
    81    0.4573538234E+00    0.7642930421E+00    0.1820264048E+02    0.0000000000E+00    0.4240000000E+03   -0.1000000000E+01    0.2358490566E-02
    82    0.4968069840E+00    0.6503976226E+00    0.1795757290E+02    0.0000000000E+00    0.4790000000E+03   -0.1000000000E+01    0.2087682672E-02
    83    0.4210454131E+00    0.7187886861E+00    0.1824585205E+02    0.0000000000E+00    0.3800000000E+03   -0.1000000000E+01    0.2631578947E-02
    84    0.3798618587E+00    0.7194172390E+00    0.1825068103E+02    0.0000000000E+00    0.3420000000E+03   -0.1000000000E+01    0.2923976608E-02
    85    0.3383788064E+00    0.7093776195E+00    0.1825038601E+02    0.0000000000E+00    0.3460000000E+03   -0.1000000000E+01    0.2890173410E-02
    86    0.4129344954E+00    0.8678039708E+00    0.1811052776E+02    0.0000000000E+00    0.4510000000E+03   -0.1000000000E+01    0.2217294900E-02
    87    0.4012438797E+00    0.7201072742E+00    0.1824803587E+02    0.1251553573E-02    0.5710000000E+03   -0.1000000000E+01    0.1751313485E-02
    88    0.4089719958E+00    0.6942426294E+00    0.1821995492E+02    0.0000000000E+00    0.4110000000E+03   -0.1000000000E+01    0.2433090024E-02
    89    0.4151999862E+00    0.7234794705E+00    0.1824598224E+02    0.0000000000E+00    0.3790000000E+03   -0.1000000000E+01    0.2638522427E-02
    90    0.4354886989E+00    0.7583139628E+00    0.1821190515E+02    0.0000000000E+00    0.4180000000E+03   -0.1000000000E+01    0.2392344498E-02
    91    0.3988787142E+00    0.7195113282E+00    0.1824853234E+02    0.0000000000E+00    0.3630000000E+03   -0.1000000000E+01    0.2754820937E-02
    92    0.4020285576E+00    0.7251037995E+00    0.1824689515E+02    0.0000000000E+00    0.3750000000E+03   -0.1000000000E+01    0.2666666667E-02
    93    0.3839790842E+00    0.7174257641E+00    0.1824972976E+02    0.0000000000E+00    0.3530000000E+03   -0.1000000000E+01    0.2832861190E-02
    94    0.4179392337E+00    0.7296611174E+00    0.1824273444E+02    0.0000000000E+00    0.3850000000E+03   -0.1000000000E+01    0.2597402597E-02
    95    0.4951101028E+00    0.7398508137E+00    0.1822202255E+02    0.0000000000E+00    0.4090000000E+03   -0.1000000000E+01    0.2444987775E-02
    96    0.4576857974E+00    0.7510879697E+00    0.1821867052E+02    0.0000000000E+00    0.4140000000E+03   -0.1000000000E+01    0.2415458937E-02
    97    0.3858751851E+00    0.7183461549E+00    0.1824978599E+02    0.0000000000E+00    0.3520000000E+03   -0.1000000000E+01    0.2840909091E-02
    98    0.3871603219E+00    0.7194970849E+00    0.1824972912E+02    0.0000000000E+00    0.3540000000E+03   -0.1000000000E+01    0.2824858757E-02
    99    0.3999090905E+00    0.7170685128E+00    0.1824840055E+02    0.0000000000E+00    0.3650000000E+03   -0.1000000000E+01    0.2739726027E-02
   100    0.3889247640E+00    0.6965913557E+00    0.1822770409E+02    0.0000000000E+00    0.4020000000E+03   -0.1000000000E+01    0.2487562189E-02
   101    0.4151115818E+00    0.7189360423E+00    0.1824668489E+02    0.0000000000E+00    0.3760000000E+03   -0.1000000000E+01    0.2659574468E-02
   102    0.4122619663E+00    0.7243233525E+00    0.1824557433E+02    0.1036972057E-02    0.5500000000E+03   -0.1000000000E+01    0.1818181818E-02
   103    0.7074942118E+00    0.8783443522E+00    0.1811070898E+02    0.0000000000E+00    0.4500000000E+03   -0.1000000000E+01    0.2222222222E-02
   104    0.5520232787E+00    0.9439203536E+00    0.1811042442E+02    0.0000000000E+00    0.4530000000E+03   -0.1000000000E+01    0.2207505519E-02
   105    0.3950577725E+00    0.7170236318E+00    0.1824887773E+02    0.0000000000E+00    0.3610000000E+03   -0.1000000000E+01    0.2770083102E-02
   106    0.3273001182E+00    0.6367203108E+00    0.1785486192E+02    0.0000000000E+00    0.4840000000E+03   -0.1000000000E+01    0.2066115702E-02
   107    0.4766374607E+00    0.7338901674E+00    0.1823062714E+02    0.0000000000E+00    0.3980000000E+03   -0.1000000000E+01    0.2512562814E-02
   108    0.6878227150E+00    0.8257923307E+00    0.1811446760E+02    0.0000000000E+00    0.4460000000E+03   -0.1000000000E+01    0.2242152466E-02
   109    0.4153164084E+00    0.8740376227E+00    0.1811037561E+02    0.0000000000E+00    0.4660000000E+03   -0.1000000000E+01    0.2145922747E-02
   110    0.4128180731E+00    0.7172458186E+00    0.1824734576E+02    0.0000000000E+00    0.3720000000E+03   -0.1000000000E+01    0.2688172043E-02
   111    0.4049309165E+00    0.7203190883E+00    0.1824800846E+02    0.0000000000E+00    0.3670000000E+03   -0.1000000000E+01    0.2724795640E-02
   112    0.3807771347E+00    0.7178868369E+00    0.1825065193E+02    0.0000000000E+00    0.3430000000E+03   -0.1000000000E+01    0.2915451895E-02
   113    0.4075481447E+00    0.7250354390E+00    0.1824609126E+02    0.0000000000E+00    0.3780000000E+03   -0.1000000000E+01    0.2645502646E-02
   114    0.3253546365E+00    0.7228770709E+00    0.1825315067E+02    0.0000000000E+00    0.3230000000E+03   -0.1000000000E+01    0.3095975232E-02
   115    0.2559590223E+00    0.7034810396E+00    0.1824752845E+02    0.1035800949E-02    0.5440000000E+03   -0.1000000000E+01    0.1838235294E-02
   116    0.4548420283E+00    0.7310003793E+00    0.1823705446E+02    0.0000000000E+00    0.3910000000E+03   -0.1000000000E+01    0.2557544757E-02
   117    0.3759946539E+00    0.6567841866E+00    0.1803718991E+02    0.0000000000E+00    0.4690000000E+03   -0.1000000000E+01    0.2132196162E-02
   118    0.3972239185E+00    0.7198298017E+00    0.1824866959E+02    0.0000000000E+00    0.3620000000E+03   -0.1000000000E+01    0.2762430939E-02
   119    0.3765642492E+00    0.7194545803E+00    0.1825118889E+02    0.0000000000E+00    0.3360000000E+03   -0.1000000000E+01    0.2976190476E-02
   120    0.4940832665E+00    0.7194739870E+00    0.1822828767E+02    0.0000000000E+00    0.4010000000E+03   -0.1000000000E+01    0.2493765586E-02
   121    0.3843491410E+00    0.7068893737E+00    0.1824445995E+02    0.0000000000E+00    0.3820000000E+03   -0.1000000000E+01    0.2617801047E-02
   122    0.3834473005E+00    0.6437850445E+00    0.1792346905E+02    0.0000000000E+00    0.4800000000E+03   -0.1000000000E+01    0.2083333333E-02
   123    0.5604785837E+00    0.7201869222E+00    0.1819385448E+02    0.0000000000E+00    0.4280000000E+03   -0.1000000000E+01    0.2336448598E-02
   124    0.2589593193E+00    0.7218413625E+00    0.1825454773E+02    0.0000000000E+00    0.3130000000E+03   -0.1000000000E+01    0.3194888179E-02
   125    0.4093121754E+00    0.7176552444E+00    0.1824713521E+02    0.0000000000E+00    0.3730000000E+03   -0.1000000000E+01    0.2680965147E-02
   126    0.4067910102E+00    0.7181570735E+00    0.1824794078E+02    0.0000000000E+00    0.3680000000E+03   -0.1000000000E+01    0.2717391304E-02
   127    0.3770884566E+00    0.7180892745E+00    0.1825103850E+02    0.0000000000E+00    0.3370000000E+03   -0.1000000000E+01    0.2967359050E-02
   128    0.3281280386E+00    0.7242050354E+00    0.1825250166E+02    0.0000000000E+00    0.3290000000E+03   -0.1000000000E+01    0.3039513678E-02
   129    0.3736088082E+00    0.7183919426E+00    0.1825082063E+02    0.0000000000E+00    0.3410000000E+03   -0.1000000000E+01    0.2932551320E-02
   130    0.3888306261E+00    0.7194087926E+00    0.1824996286E+02    0.0000000000E+00    0.3500000000E+03   -0.1000000000E+01    0.2857142857E-02
   131    0.3338436860E+00    0.7137091121E+00    0.1825295664E+02    0.0000000000E+00    0.3260000000E+03   -0.1000000000E+01    0.3067484663E-02
   132    0.3298897569E+00    0.7185455782E+00    0.1825393918E+02    0.0000000000E+00    0.3180000000E+03   -0.1000000000E+01    0.3144654088E-02
   133    0.4521227462E+00    0.7450439427E+00    0.1822523979E+02    0.0000000000E+00    0.4060000000E+03   -0.1000000000E+01    0.2463054187E-02
   134    0.4996463177E+00    0.7255180139E+00    0.1822675702E+02    0.0000000000E+00    0.4040000000E+03   -0.1000000000E+01    0.2475247525E-02
   135    0.3655660504E+00    0.7202254652E+00    0.1825179179E+02    0.0000000000E+00    0.3310000000E+03   -0.1000000000E+01    0.3021148036E-02
   136    0.3648142303E+00    0.7202006310E+00    0.1825128149E+02    0.0000000000E+00    0.3340000000E+03   -0.1000000000E+01    0.2994011976E-02
   137    0.3389399677E+00    0.7235565498E+00    0.1825266183E+02    0.0000000000E+00    0.3270000000E+03   -0.1000000000E+01    0.3058103976E-02
   138    0.3629789181E+00    0.7187751014E+00    0.1825192840E+02    0.0000000000E+00    0.3300000000E+03   -0.1000000000E+01    0.3030303030E-02
   139    0.3189929304E+00    0.7238987409E+00    0.1825251513E+02    0.0000000000E+00    0.3280000000E+03   -0.1000000000E+01    0.3048780488E-02
   140    0.3862235649E+00    0.7932270507E+00    0.1816334267E+02    0.0000000000E+00    0.4350000000E+03   -0.1000000000E+01    0.2298850575E-02
   141    0.4129990847E+00    0.7200595358E+00    0.1824647190E+02    0.0000000000E+00    0.3770000000E+03   -0.1000000000E+01    0.2652519894E-02
   142    0.3817093819E+00    0.7244729881E+00    0.1824888896E+02    0.0000000000E+00    0.3600000000E+03   -0.1000000000E+01    0.2777777778E-02
   143    0.3295965828E+00    0.7214506839E+00    0.1825300613E+02    0.0000000000E+00    0.3250000000E+03   -0.1000000000E+01    0.3076923077E-02
   144    0.3723223029E+00    0.7208809673E+00    0.1825096203E+02    0.0000000000E+00    0.3390000000E+03   -0.1000000000E+01    0.2949852507E-02
   145    0.3028306598E+00    0.7233903220E+00    0.1825311850E+02    0.0000000000E+00    0.3240000000E+03   -0.1000000000E+01    0.3086419753E-02
   146    0.2814832960E+00    0.7213281114E+00    0.1825505030E+02    0.0000000000E+00    0.3080000000E+03   -0.1000000000E+01    0.3246753247E-02
   147    0.3296519052E+00    0.6496102001E+00    0.1798157417E+02    0.0000000000E+00    0.4770000000E+03   -0.1000000000E+01    0.2096436059E-02
   148    0.3298344345E+00    0.6554605962E+00    0.1803051486E+02    0.0000000000E+00    0.4700000000E+03   -0.1000000000E+01    0.2127659574E-02
   149    0.2398177978E+00    0.7187339357E+00    0.1825625777E+02    0.1014395715E-02    0.5390000000E+03   -0.1000000000E+01    0.1855287570E-02
   150    0.4342531033E+00    0.7220434691E+00    0.1824357689E+02    0.1014024460E-02    0.5230000000E+03   -0.1000000000E+01    0.1912045889E-02
   151    0.3764791693E+00    0.7178183257E+00    0.1825048406E+02    0.1006886796E-02    0.5100000000E+03   -0.1000000000E+01    0.1960784314E-02
   152    0.3716201411E+00    0.7207742478E+00    0.1825096677E+02    0.0000000000E+00    0.3380000000E+03   -0.1000000000E+01    0.2958579882E-02
   153    0.3650468402E+00    0.7192096539E+00    0.1825121236E+02    0.0000000000E+00    0.3350000000E+03   -0.1000000000E+01    0.2985074627E-02
   154    0.3944357847E+00    0.7211683982E+00    0.1824834459E+02    0.1014028048E-02    0.5260000000E+03   -0.1000000000E+01    0.1901140684E-02
   155    0.4045510889E+00    0.7170574120E+00    0.1824851498E+02    0.0000000000E+00    0.3640000000E+03   -0.1000000000E+01    0.2747252747E-02
   156    0.2314966870E+00    0.7228732250E+00    0.1825535345E+02    0.0000000000E+00    0.2930000000E+03   -0.1000000000E+01    0.3412969283E-02
   157    0.3427617093E+00    0.7215764280E+00    0.1825270930E+02    0.1013992171E-02    0.5140000000E+03   -0.1000000000E+01    0.1945525292E-02
   158    0.2457941928E+00    0.7217156185E+00    0.1825511217E+02    0.0000000000E+00    0.3030000000E+03   -0.1000000000E+01    0.3300330033E-02
   159    0.4013232651E+00    0.7168201166E+00    0.1824854581E+02    0.1014024460E-02    0.5230000000E+03   -0.1000000000E+01    0.1912045889E-02
   160    0.3857461473E+00    0.7197454810E+00    0.1824979428E+02    0.0000000000E+00    0.3510000000E+03   -0.1000000000E+01    0.2849002849E-02
   161    0.3382678105E+00    0.7195651492E+00    0.1825343126E+02    0.1014015491E-02    0.5200000000E+03   -0.1000000000E+01    0.1923076923E-02
   162    0.2505812657E+00    0.7208217916E+00    0.1825559574E+02    0.0000000000E+00    0.2770000000E+03   -0.1000000000E+01    0.3610108303E-02
   163    0.4607997726E+00    0.7181177427E+00    0.1823773941E+02    0.0000000000E+00    0.3880000000E+03   -0.1000000000E+01    0.2577319588E-02
   164    0.3651388247E+00    0.7187466333E+00    0.1825152091E+02    0.0000000000E+00    0.3320000000E+03   -0.1000000000E+01    0.3012048193E-02
   165    0.3019328044E+00    0.7191985668E+00    0.1825432479E+02    0.0000000000E+00    0.3160000000E+03   -0.1000000000E+01    0.3164556962E-02
   166    0.3818743563E+00    0.7249008051E+00    0.1824923989E+02    0.0000000000E+00    0.3580000000E+03   -0.1000000000E+01    0.2793296089E-02
   167    0.3969748054E+00    0.7164184501E+00    0.1824923251E+02    0.0000000000E+00    0.3590000000E+03   -0.1000000000E+01    0.2785515320E-02
   168    0.3900946071E+00    0.7201471476E+00    0.1824965821E+02    0.0000000000E+00    0.3550000000E+03   -0.1000000000E+01    0.2816901408E-02
   169    0.3978667948E+00    0.7210292803E+00    0.1824870945E+02    0.1006641076E-02    0.5060000000E+03   -0.1000000000E+01    0.1976284585E-02
   170    0.2724471273E+00    0.7197076237E+00    0.1825513276E+02    0.0000000000E+00    0.3010000000E+03   -0.1000000000E+01    0.3322259136E-02
   171    0.2295078787E+00    0.7209266155E+00    0.1825525643E+02    0.0000000000E+00    0.2970000000E+03   -0.1000000000E+01    0.3367003367E-02
   172    0.3920834154E+00    0.7220937571E+00    0.1824926887E+02    0.0000000000E+00    0.3570000000E+03   -0.1000000000E+01    0.2801120448E-02
   173    0.3028995251E+00    0.7735700938E+00    0.1819449063E+02    0.0000000000E+00    0.4270000000E+03   -0.1000000000E+01    0.2341920375E-02
   174    0.3853747811E+00    0.7215058854E+00    0.1825007687E+02    0.1050143963E-02    0.5550000000E+03   -0.1000000000E+01    0.1801801802E-02
   175    0.3761332227E+00    0.7213421808E+00    0.1825012460E+02    0.0000000000E+00    0.3480000000E+03   -0.1000000000E+01    0.2873563218E-02
   176    0.2172097522E+00    0.7210560388E+00    0.1825601249E+02    0.1408017370E-02    0.5850000000E+03   -0.1000000000E+01    0.1709401709E-02
   177    0.4054554813E+00    0.7412804563E+00    0.1823377440E+02    0.0000000000E+00    0.3950000000E+03   -0.1000000000E+01    0.2531645570E-02
   178    0.4084077830E+00    0.7170196137E+00    0.1824775878E+02    0.0000000000E+00    0.3700000000E+03   -0.1000000000E+01    0.2702702703E-02
   179    0.3226505172E+00    0.7217109555E+00    0.1825344127E+02    0.0000000000E+00    0.3210000000E+03   -0.1000000000E+01    0.3115264798E-02
   180    0.3088788700E+00    0.7189382953E+00    0.1825444699E+02    0.0000000000E+00    0.3150000000E+03   -0.1000000000E+01    0.3174603175E-02
   181    0.2288682649E+00    0.7218910656E+00    0.1825538159E+02    0.0000000000E+00    0.2910000000E+03   -0.1000000000E+01    0.3436426117E-02
   182    0.2532096878E+00    0.7218039510E+00    0.1825509652E+02    0.1638505731E-02    0.5970000000E+03   -0.1000000000E+01    0.1675041876E-02
   183    0.2689709622E+00    0.7224021738E+00    0.1825475485E+02    0.0000000000E+00    0.3100000000E+03   -0.1000000000E+01    0.3225806452E-02
   184    0.2342362312E+00    0.7218462505E+00    0.1825532700E+02    0.0000000000E+00    0.2940000000E+03   -0.1000000000E+01    0.3401360544E-02
   185    0.2507337104E+00    0.7213438265E+00    0.1825506259E+02    0.1014015491E-02    0.5200000000E+03   -0.1000000000E+01    0.1923076923E-02
   186    0.2826957810E+00    0.7207279653E+00    0.1825458173E+02    0.0000000000E+00    0.3110000000E+03   -0.1000000000E+01    0.3215434084E-02
   187    0.2594905338E+00    0.7219483784E+00    0.1825535135E+02    0.1050339676E-02    0.5570000000E+03   -0.1000000000E+01    0.1795332136E-02
   188    0.2500500513E+00    0.7207147756E+00    0.1825539095E+02    0.1035823778E-02    0.5450000000E+03   -0.1000000000E+01    0.1834862385E-02
   189    0.3232961920E+00    0.7199225286E+00    0.1825414244E+02    0.1014006522E-02    0.5190000000E+03   -0.1000000000E+01    0.1926782274E-02
   190    0.3675806457E+00    0.7207128257E+00    0.1825082937E+02    0.0000000000E+00    0.3400000000E+03   -0.1000000000E+01    0.2941176471E-02
   191    0.2456728025E+00    0.7218504378E+00    0.1825470714E+02    0.1014001140E-02    0.5160000000E+03   -0.1000000000E+01    0.1937984496E-02
   192    0.2507026561E+00    0.7206869722E+00    0.1825580770E+02    0.0000000000E+00    0.2660000000E+03   -0.1000000000E+01    0.3759398496E-02
   193    0.1746904473E+00    0.7193961253E+00    0.1825641417E+02    0.1072589834E-02    0.5590000000E+03   -0.1000000000E+01    0.1788908766E-02
   194    0.4804419073E+00    0.7184830783E+00    0.1823297846E+02    0.1015091229E-02    0.5430000000E+03   -0.1000000000E+01    0.1841620626E-02
   195    0.4072140137E+00    0.6873739575E+00    0.1820078163E+02    0.0000000000E+00    0.4250000000E+03   -0.1000000000E+01    0.2352941176E-02
   196    0.4057448583E+00    0.7170554914E+00    0.1824761131E+02    0.0000000000E+00    0.3710000000E+03   -0.1000000000E+01    0.2695417790E-02
   197    0.2499465824E+00    0.7216281439E+00    0.1825541063E+02    0.0000000000E+00    0.2890000000E+03   -0.1000000000E+01    0.3460207612E-02
   198    0.2465502665E+00    0.7364959516E+00    0.1824414404E+02    0.0000000000E+00    0.3830000000E+03   -0.1000000000E+01    0.2610966057E-02
   199    0.2338596746E+00    0.7203605381E+00    0.1825603291E+02    0.0000000000E+00    0.2490000000E+03   -0.1000000000E+01    0.4016064257E-02
   200    0.3023093609E+00    0.7206842792E+00    0.1825416295E+02    0.0000000000E+00    0.3170000000E+03   -0.1000000000E+01    0.3154574132E-02
   201    0.2505895879E+00    0.7206208235E+00    0.1825549582E+02    0.0000000000E+00    0.2840000000E+03   -0.1000000000E+01    0.3521126761E-02
   202    0.2147217043E+00    0.7208879403E+00    0.1825561640E+02    0.0000000000E+00    0.2750000000E+03   -0.1000000000E+01    0.3636363636E-02
   203    0.4299316781E+00    0.7221086234E+00    0.1824376406E+02    0.1006794658E-02    0.5090000000E+03   -0.1000000000E+01    0.1964636542E-02
   204    0.2079459301E+00    0.7217007522E+00    0.1825507010E+02    0.0000000000E+00    0.3070000000E+03   -0.1000000000E+01    0.3257328990E-02
   205    0.2578195894E+00    0.7202221699E+00    0.1825541116E+02    0.0000000000E+00    0.2880000000E+03   -0.1000000000E+01    0.3472222222E-02
   206    0.1488710054E+00    0.7223110528E+00    0.1825618797E+02    0.0000000000E+00    0.2280000000E+03   -0.1000000000E+01    0.4385964912E-02
   207    0.2506172542E+00    0.7208399214E+00    0.1825528315E+02    0.0000000000E+00    0.2950000000E+03   -0.1000000000E+01    0.3389830508E-02
   208    0.2506666676E+00    0.7206688424E+00    0.1825557402E+02    0.0000000000E+00    0.2800000000E+03   -0.1000000000E+01    0.3571428571E-02
   209    0.3806538687E+00    0.7197745530E+00    0.1825030951E+02    0.0000000000E+00    0.3470000000E+03   -0.1000000000E+01    0.2881844380E-02
   210    0.4300476407E+00    0.7248717331E+00    0.1824346710E+02    0.0000000000E+00    0.3840000000E+03   -0.1000000000E+01    0.2604166667E-02
   211    0.2298359885E+00    0.7207877321E+00    0.1825547548E+02    0.0000000000E+00    0.2860000000E+03   -0.1000000000E+01    0.3496503497E-02
   212    0.3297455376E+00    0.7188375354E+00    0.1825339741E+02    0.1402532993E-02    0.5790000000E+03   -0.1000000000E+01    0.1727115717E-02
   213    0.2506934697E+00    0.7206587142E+00    0.1825518961E+02    0.0000000000E+00    0.3000000000E+03   -0.1000000000E+01    0.3333333333E-02
   214    0.2505904521E+00    0.7208500495E+00    0.1825565181E+02    0.0000000000E+00    0.2720000000E+03   -0.1000000000E+01    0.3676470588E-02
   215    0.2096623210E+00    0.7212255930E+00    0.1825572058E+02    0.0000000000E+00    0.2680000000E+03   -0.1000000000E+01    0.3731343284E-02
   216    0.4224407050E+00    0.6494545603E+00    0.1797036064E+02    0.0000000000E+00    0.4780000000E+03   -0.1000000000E+01    0.2092050209E-02
   217    0.3787772041E+00    0.7199907125E+00    0.1825048554E+02    0.0000000000E+00    0.3440000000E+03   -0.1000000000E+01    0.2906976744E-02
   218    0.3997434594E+00    0.7208131208E+00    0.1824839729E+02    0.0000000000E+00    0.3660000000E+03   -0.1000000000E+01    0.2732240437E-02
   219    0.3283782198E+00    0.7215162697E+00    0.1825367227E+02    0.0000000000E+00    0.3200000000E+03   -0.1000000000E+01    0.3125000000E-02
   220    0.2499748111E+00    0.7207807166E+00    0.1825547657E+02    0.1014101592E-02    0.5310000000E+03   -0.1000000000E+01    0.1883239171E-02
   221    0.2319427190E+00    0.7577638031E+00    0.1821833893E+02    0.0000000000E+00    0.4150000000E+03   -0.1000000000E+01    0.2409638554E-02
   222    0.1675187385E+00    0.7219090850E+00    0.1825558785E+02    0.0000000000E+00    0.2780000000E+03   -0.1000000000E+01    0.3597122302E-02
   223    0.1546933838E+00    0.7222659500E+00    0.1825518683E+02    0.1014001140E-02    0.5160000000E+03   -0.1000000000E+01    0.1937984496E-02
   224    0.2113873738E+00    0.7211011416E+00    0.1825593061E+02    0.1014037017E-02    0.5280000000E+03   -0.1000000000E+01    0.1893939394E-02
   225    0.2524980151E+00    0.7210959986E+00    0.1825573430E+02    0.1202280383E-02    0.5660000000E+03   -0.1000000000E+01    0.1766784452E-02
   226    0.1302326650E+00    0.7215755923E+00    0.1825624291E+02    0.0000000000E+00    0.2160000000E+03   -0.1000000000E+01    0.4629629630E-02
   227    0.2760600848E+00    0.7226684062E+00    0.1825457569E+02    0.0000000000E+00    0.3120000000E+03   -0.1000000000E+01    0.3205128205E-02
   228    0.1234013727E+00    0.7204926962E+00    0.1825665483E+02    0.0000000000E+00    0.1320000000E+03   -0.1000000000E+01    0.7575757576E-02
   229    0.2736672645E+00    0.7473257105E+00    0.1823196081E+02    0.0000000000E+00    0.3970000000E+03   -0.1000000000E+01    0.2518891688E-02
   230    0.3465099211E+00    0.7445690572E+00    0.1823416047E+02    0.0000000000E+00    0.3940000000E+03   -0.1000000000E+01    0.2538071066E-02
   231    0.1901498976E+00    0.7211527245E+00    0.1825611827E+02    0.0000000000E+00    0.2400000000E+03   -0.1000000000E+01    0.4166666667E-02
   232    0.2057509595E+00    0.7215188664E+00    0.1825577167E+02    0.0000000000E+00    0.2670000000E+03   -0.1000000000E+01    0.3745318352E-02
   233    0.2505862368E+00    0.7208783964E+00    0.1825558159E+02    0.0000000000E+00    0.2790000000E+03   -0.1000000000E+01    0.3584229391E-02
   234    0.2507336734E+00    0.7206484972E+00    0.1825581572E+02    0.0000000000E+00    0.2650000000E+03   -0.1000000000E+01    0.3773584906E-02
   235    0.2499781848E+00    0.7215739625E+00    0.1825563367E+02    0.0000000000E+00    0.2740000000E+03   -0.1000000000E+01    0.3649635036E-02
   236    0.2937016890E+00    0.7208441568E+00    0.1825544935E+02    0.0000000000E+00    0.2870000000E+03   -0.1000000000E+01    0.3484320557E-02
   237    0.1249311869E+00    0.7219741234E+00    0.1825587278E+02    0.0000000000E+00    0.2610000000E+03   -0.1000000000E+01    0.3831417625E-02
   238    0.2577994931E+00    0.7206974675E+00    0.1825536522E+02    0.0000000000E+00    0.2920000000E+03   -0.1000000000E+01    0.3424657534E-02
   239    0.2396242778E+00    0.7213352954E+00    0.1825584665E+02    0.0000000000E+00    0.2620000000E+03   -0.1000000000E+01    0.3816793893E-02
   240    0.1186508229E+00    0.7222013504E+00    0.1825612611E+02    0.0000000000E+00    0.2380000000E+03   -0.1000000000E+01    0.4201680672E-02
   241    0.1289617531E+00    0.7213841994E+00    0.1825632351E+02    0.0000000000E+00    0.2010000000E+03   -0.1000000000E+01    0.4975124378E-02
   242    0.1512148876E+00    0.7214195496E+00    0.1825611547E+02    0.0000000000E+00    0.2410000000E+03   -0.1000000000E+01    0.4149377593E-02
   243    0.1528287802E+00    0.7488747840E+00    0.1823052732E+02    0.0000000000E+00    0.4000000000E+03   -0.1000000000E+01    0.2500000000E-02
   244    0.2025153115E+00    0.7293817153E+00    0.1825146117E+02    0.0000000000E+00    0.3330000000E+03   -0.1000000000E+01    0.3003003003E-02
   245    0.3079108150E+00    0.7206625048E+00    0.1825451635E+02    0.0000000000E+00    0.3140000000E+03   -0.1000000000E+01    0.3184713376E-02
   246    0.2364575417E+00    0.7208504944E+00    0.1825507751E+02    0.0000000000E+00    0.3060000000E+03   -0.1000000000E+01    0.3267973856E-02
   247    0.2578602915E+00    0.7204637292E+00    0.1825522742E+02    0.0000000000E+00    0.2990000000E+03   -0.1000000000E+01    0.3344481605E-02
   248    0.2505488858E+00    0.6418212814E+00    0.1791101348E+02    0.0000000000E+00    0.4810000000E+03   -0.1000000000E+01    0.2079002079E-02
   249    0.3810669813E+00    0.7205368312E+00    0.1825046995E+02    0.0000000000E+00    0.3450000000E+03   -0.1000000000E+01    0.2898550725E-02
   250    0.6493478707E-01    0.7206145792E+00    0.1825701093E+02    0.0000000000E+00    0.5100000000E+02   -0.1000000000E+01    0.1960784314E-01
   251    0.1358582716E+00    0.7214962572E+00    0.1825618600E+02    0.0000000000E+00    0.2290000000E+03   -0.1000000000E+01    0.4366812227E-02
   252    0.2985467947E+00    0.7210986897E+00    0.1825496967E+02    0.0000000000E+00    0.3090000000E+03   -0.1000000000E+01    0.3236245955E-02
   253    0.1247252876E+00    0.7217431870E+00    0.1825580782E+02    0.1407992824E-02    0.5840000000E+03   -0.1000000000E+01    0.1712328767E-02
   254    0.1289087501E+00    0.7511610375E+00    0.1822753107E+02    0.0000000000E+00    0.4030000000E+03   -0.1000000000E+01    0.2481389578E-02
   255    0.2124835144E+00    0.7211375983E+00    0.1825652851E+02    0.0000000000E+00    0.1570000000E+03   -0.1000000000E+01    0.6369426752E-02
   256    0.1834173428E+00    0.7215339926E+00    0.1825597040E+02    0.0000000000E+00    0.2540000000E+03   -0.1000000000E+01    0.3937007874E-02
   257    0.3519731955E+00    0.7470583880E+00    0.1823054524E+02    0.0000000000E+00    0.3990000000E+03   -0.1000000000E+01    0.2506265664E-02
   258    0.2103816322E+00    0.7208664122E+00    0.1825592373E+02    0.0000000000E+00    0.2560000000E+03   -0.1000000000E+01    0.3906250000E-02
   259    0.1334588015E+00    0.7204693972E+00    0.1825665974E+02    0.0000000000E+00    0.1290000000E+03   -0.1000000000E+01    0.7751937984E-02
   260    0.1201752361E+00    0.7215988912E+00    0.1825581749E+02    0.0000000000E+00    0.2640000000E+03   -0.1000000000E+01    0.3787878788E-02
   261    0.1204880909E+00    0.7224841655E+00    0.1825540020E+02    0.0000000000E+00    0.2900000000E+03   -0.1000000000E+01    0.3448275862E-02
   262    0.1215641046E+00    0.7202098810E+00    0.1825661407E+02    0.0000000000E+00    0.1430000000E+03   -0.1000000000E+01    0.6993006993E-02
   263    0.1084054203E+00    0.7216896927E+00    0.1825668701E+02    0.0000000000E+00    0.1230000000E+03   -0.1000000000E+01    0.8130081301E-02
   264    0.2365489490E+00    0.7207738398E+00    0.1825507934E+02    0.1014101592E-02    0.5310000000E+03   -0.1000000000E+01    0.1883239171E-02
   265    0.1354672224E+00    0.7204743670E+00    0.1825606131E+02    0.0000000000E+00    0.2440000000E+03   -0.1000000000E+01    0.4098360656E-02
   266    0.5286893732E-01    0.7762819403E+00    0.1819118181E+02    0.0000000000E+00    0.4290000000E+03   -0.1000000000E+01    0.2331002331E-02
   267    0.2879716710E+00    0.7206575403E+00    0.1825509939E+02    0.0000000000E+00    0.3040000000E+03   -0.1000000000E+01    0.3289473684E-02
   268    0.2635903095E+00    0.7206503457E+00    0.1825525709E+02    0.0000000000E+00    0.2960000000E+03   -0.1000000000E+01    0.3378378378E-02
   269    0.7728773255E-01    0.7882890918E+00    0.1817189568E+02    0.0000000000E+00    0.4340000000E+03   -0.1000000000E+01    0.2304147465E-02
   270    0.9605247482E-01    0.7222267564E+00    0.1825582222E+02    0.0000000000E+00    0.2630000000E+03   -0.1000000000E+01    0.3802281369E-02
   271    0.5292300769E-01    0.7215813735E+00    0.1825621474E+02    0.0000000000E+00    0.2210000000E+03   -0.1000000000E+01    0.4524886878E-02
   272    0.1204171997E+00    0.7207228984E+00    0.1825604106E+02    0.1006711546E-02    0.5080000000E+03   -0.1000000000E+01    0.1968503937E-02
   273    0.1358844573E+00    0.7204671055E+00    0.1825636841E+02    0.1014085449E-02    0.5300000000E+03   -0.1000000000E+01    0.1886792453E-02
   274    0.5245170241E-01    0.7206401699E+00    0.1825617605E+02    0.0000000000E+00    0.2310000000E+03   -0.1000000000E+01    0.4329004329E-02
   275    0.1590962397E+00    0.7205830637E+00    0.1825686787E+02    0.1014653900E-02    0.5420000000E+03   -0.1000000000E+01    0.1845018450E-02
   276    0.3929734895E-01    0.7205009127E+00    0.1825642328E+02    0.0000000000E+00    0.1890000000E+03   -0.1000000000E+01    0.5291005291E-02
   277    0.1344280920E+00    0.7213729737E+00    0.1825645248E+02    0.0000000000E+00    0.1760000000E+03   -0.1000000000E+01    0.5681818182E-02
   278    0.2676790173E+00    0.7211608758E+00    0.1825512862E+02    0.0000000000E+00    0.3020000000E+03   -0.1000000000E+01    0.3311258278E-02
   279    0.7924803786E-01    0.7222023462E+00    0.1825615831E+02    0.0000000000E+00    0.2340000000E+03   -0.1000000000E+01    0.4273504274E-02
   280    0.9409216952E-01    0.7201019257E+00    0.1825653455E+02    0.0000000000E+00    0.1560000000E+03   -0.1000000000E+01    0.6410256410E-02
   281    0.6365528090E-01    0.7204607574E+00    0.1825687816E+02    0.0000000000E+00    0.6900000000E+02   -0.1000000000E+01    0.1449275362E-01
   282    0.1096849265E+00    0.7218435145E+00    0.1825612699E+02    0.1035973034E-02    0.5480000000E+03   -0.1000000000E+01    0.1824817518E-02
   283    0.2392872037E+00    0.7212446480E+00    0.1825509090E+02    0.0000000000E+00    0.3050000000E+03   -0.1000000000E+01    0.3278688525E-02
   284    0.2060880335E+00    0.7216095138E+00    0.1825601018E+02    0.0000000000E+00    0.2500000000E+03   -0.1000000000E+01    0.4000000000E-02
   285    0.2397613832E+00    0.7213590492E+00    0.1825556594E+02    0.0000000000E+00    0.2820000000E+03   -0.1000000000E+01    0.3546099291E-02
   286    0.2123464090E+00    0.7211138445E+00    0.1825555568E+02    0.0000000000E+00    0.2830000000E+03   -0.1000000000E+01    0.3533568905E-02
   287    0.1128363853E+00    0.7213201051E+00    0.1825643632E+02    0.1050119713E-02    0.5520000000E+03   -0.1000000000E+01    0.1811594203E-02
   288    0.1189704077E+00    0.7208622838E+00    0.1825662928E+02    0.1402507054E-02    0.5780000000E+03   -0.1000000000E+01    0.1730103806E-02
   289    0.1454108584E+00    0.7202997766E+00    0.1825682954E+02    0.0000000000E+00    0.8500000000E+02   -0.1000000000E+01    0.1176470588E-01
   290    0.5538220028E-01    0.7218110599E+00    0.1825657120E+02    0.0000000000E+00    0.1490000000E+03   -0.1000000000E+01    0.6711409396E-02
   291    0.8249062528E-01    0.7228167851E+00    0.1825564164E+02    0.0000000000E+00    0.2730000000E+03   -0.1000000000E+01    0.3663003663E-02
   292    0.7721713045E-01    0.7198707287E+00    0.1825640673E+02    0.0000000000E+00    0.1920000000E+03   -0.1000000000E+01    0.5208333333E-02
   293    0.6483403893E-01    0.7204040923E+00    0.1825647631E+02    0.0000000000E+00    0.1740000000E+03   -0.1000000000E+01    0.5747126437E-02
   294    0.6375602904E-01    0.7206712444E+00    0.1825604818E+02    0.1014144640E-02    0.5330000000E+03   -0.1000000000E+01    0.1876172608E-02
   295    0.1772118396E+00    0.7200136747E+00    0.1825655637E+02    0.0000000000E+00    0.1500000000E+03   -0.1000000000E+01    0.6666666667E-02
   296    0.2079425746E+00    0.7208465521E+00    0.1825647947E+02    0.0000000000E+00    0.1720000000E+03   -0.1000000000E+01    0.5813953488E-02
   297    0.1975227351E+00    0.7216494378E+00    0.1825581993E+02    0.1402767718E-02    0.5810000000E+03   -0.1000000000E+01    0.1721170396E-02
   298    0.1597801860E+00    0.7213796255E+00    0.1825568759E+02    0.0000000000E+00    0.2710000000E+03   -0.1000000000E+01    0.3690036900E-02
   299    0.1391965468E+00    0.7990520445E+00    0.1815569464E+02    0.0000000000E+00    0.4360000000E+03   -0.1000000000E+01    0.2293577982E-02
   300    0.4591347638E-01    0.7214059941E+00    0.1825643541E+02    0.0000000000E+00    0.1850000000E+03   -0.1000000000E+01    0.5405405405E-02
   301    0.8353638966E-01    0.7211884832E+00    0.1825620856E+02    0.0000000000E+00    0.2220000000E+03   -0.1000000000E+01    0.4504504505E-02
   302    0.8852431155E-01    0.7209619669E+00    0.1825588715E+02    0.0000000000E+00    0.2580000000E+03   -0.1000000000E+01    0.3875968992E-02
   303    0.8128717427E-01    0.7210634823E+00    0.1825642418E+02    0.0000000000E+00    0.1870000000E+03   -0.1000000000E+01    0.5347593583E-02
   304    0.8776473016E-01    0.7210493607E+00    0.1825647755E+02    0.0000000000E+00    0.1730000000E+03   -0.1000000000E+01    0.5780346821E-02
   305    0.6340399471E-01    0.7206433104E+00    0.1825616401E+02    0.0000000000E+00    0.2320000000E+03   -0.1000000000E+01    0.4310344828E-02
   306    0.6518607326E-01    0.7204320263E+00    0.1825694635E+02    0.0000000000E+00    0.5800000000E+02   -0.1000000000E+01    0.1724137931E-01
   307    0.1613661526E+00    0.7211904602E+00    0.1825606040E+02    0.0000000000E+00    0.2450000000E+03   -0.1000000000E+01    0.4081632653E-02
   308    0.1863264715E+00    0.7217438805E+00    0.1825635610E+02    0.0000000000E+00    0.1960000000E+03   -0.1000000000E+01    0.5102040816E-02
   309    0.2325982034E+00    0.7212160775E+00    0.1825568920E+02    0.0000000000E+00    0.2700000000E+03   -0.1000000000E+01    0.3703703704E-02
   310    0.4482009807E-01    0.7205361000E+00    0.1825662870E+02    0.0000000000E+00    0.1390000000E+03   -0.1000000000E+01    0.7194244604E-02
   311    0.1209804429E+00    0.7223626002E+00    0.1825588984E+02    0.0000000000E+00    0.2570000000E+03   -0.1000000000E+01    0.3891050584E-02
   312    0.1089890821E+00    0.7195369736E+00    0.1825675187E+02    0.0000000000E+00    0.1080000000E+03   -0.1000000000E+01    0.9259259259E-02
   313    0.1564280101E+00    0.7204355483E+00    0.1825617033E+02    0.1014194860E-02    0.5360000000E+03   -0.1000000000E+01    0.1865671642E-02
   314    0.6330328183E-01    0.7206397884E+00    0.1825683029E+02    0.0000000000E+00    0.8400000000E+02   -0.1000000000E+01    0.1190476190E-01
   315    0.1249309940E+00    0.6514153661E+00    0.1800143254E+02    0.0000000000E+00    0.4740000000E+03   -0.1000000000E+01    0.2109704641E-02
   316    0.1512928734E-01    0.7122515678E+00    0.1825556606E+02    0.0000000000E+00    0.2810000000E+03   -0.1000000000E+01    0.3558718861E-02
   317    0.6179393695E-01    0.7204157915E+00    0.1825678295E+02    0.0000000000E+00    0.9900000000E+02   -0.1000000000E+01    0.1010101010E-01
   318    0.2098039185E+00    0.7208915180E+00    0.1825547736E+02    0.0000000000E+00    0.2850000000E+03   -0.1000000000E+01    0.3508771930E-02
   319    0.8276274318E-01    0.7202450236E+00    0.1825654384E+02    0.0000000000E+00    0.1540000000E+03   -0.1000000000E+01    0.6493506494E-02
   320    0.1074682133E+00    0.7205908530E+00    0.1825632849E+02    0.0000000000E+00    0.1990000000E+03   -0.1000000000E+01    0.5025125628E-02
   321    0.6142413587E-01    0.7214283132E+00    0.1825631394E+02    0.0000000000E+00    0.2050000000E+03   -0.1000000000E+01    0.4878048780E-02
   322    0.5643365889E-01    0.7207676395E+00    0.1825631600E+02    0.0000000000E+00    0.2030000000E+03   -0.1000000000E+01    0.4926108374E-02
   323    0.7478526886E-01    0.7209976597E+00    0.1825624880E+02    0.1391848377E-02    0.5770000000E+03   -0.1000000000E+01    0.1733102253E-02
   324    0.8596825125E-01    0.7200615521E+00    0.1825649872E+02    0.1006944604E-02    0.5110000000E+03   -0.1000000000E+01    0.1956947162E-02
   325    0.8125963820E-01    0.7203263913E+00    0.1825641016E+02    0.0000000000E+00    0.1910000000E+03   -0.1000000000E+01    0.5235602094E-02
   326    0.9291551714E-01    0.7196426085E+00    0.1825669884E+02    0.0000000000E+00    0.1170000000E+03   -0.1000000000E+01    0.8547008547E-02
   327    0.1314549780E+00    0.6535997425E+00    0.1802038799E+02    0.0000000000E+00    0.4710000000E+03   -0.1000000000E+01    0.2123142251E-02
   328    0.6455715191E-01    0.7204300095E+00    0.1825685625E+02    0.0000000000E+00    0.7500000000E+02   -0.1000000000E+01    0.1333333333E-01
   329    0.1182528737E+00    0.7213614559E+00    0.1825643592E+02    0.0000000000E+00    0.1840000000E+03   -0.1000000000E+01    0.5434782609E-02
   330    0.7371782133E-01    0.7201061187E+00    0.1825620097E+02    0.0000000000E+00    0.2250000000E+03   -0.1000000000E+01    0.4444444444E-02
   331    0.6486803327E-01    0.7204634010E+00    0.1825678801E+02    0.0000000000E+00    0.9600000000E+02   -0.1000000000E+01    0.1041666667E-01
   332    0.6525282705E-01    0.7205832044E+00    0.1825604861E+02    0.0000000000E+00    0.2470000000E+03   -0.1000000000E+01    0.4048582996E-02
   333    0.6544116792E-01    0.7207710329E+00    0.1825707569E+02    0.0000000000E+00    0.3900000000E+02   -0.1000000000E+01    0.2564102564E-01
   334    0.6946569143E-01    0.7208588849E+00    0.1825651845E+02    0.0000000000E+00    0.1600000000E+03   -0.1000000000E+01    0.6250000000E-02
   335    0.4090572386E-01    0.7210895178E+00    0.1825662873E+02    0.0000000000E+00    0.1380000000E+03   -0.1000000000E+01    0.7246376812E-02
   336    0.5131463279E-01    0.6250044907E+00    0.1772096117E+02    0.0000000000E+00    0.4860000000E+03   -0.1000000000E+01    0.2057613169E-02
   337    0.1292422939E+00    0.7208794282E+00    0.1825628270E+02    0.0000000000E+00    0.2090000000E+03   -0.1000000000E+01    0.4784688995E-02
   338    0.1741303681E+00    0.7209500775E+00    0.1825587943E+02    0.0000000000E+00    0.2590000000E+03   -0.1000000000E+01    0.3861003861E-02
   339    0.1477093473E+00    0.7199076859E+00    0.1825600542E+02    0.0000000000E+00    0.2510000000E+03   -0.1000000000E+01    0.3984063745E-02
   340    0.3667509029E-01    0.7230982246E+00    0.1825603610E+02    0.1402583897E-02    0.5800000000E+03   -0.1000000000E+01    0.1724137931E-02
   341    0.6697160164E-01    0.7201645060E+00    0.1825633386E+02    0.0000000000E+00    0.1980000000E+03   -0.1000000000E+01    0.5050505051E-02
   342    0.7218738760E-01    0.6386486171E+00    0.1787914951E+02    0.1127086506E-02    0.5650000000E+03   -0.1000000000E+01    0.1769911504E-02
   343    0.6261111229E-01    0.7208928885E+00    0.1825627624E+02    0.0000000000E+00    0.2110000000E+03   -0.1000000000E+01    0.4739336493E-02
   344    0.1604723555E+00    0.7211265254E+00    0.1825622641E+02    0.0000000000E+00    0.2190000000E+03   -0.1000000000E+01    0.4566210046E-02
   345    0.6188111596E-01    0.7201447037E+00    0.1825654844E+02    0.0000000000E+00    0.1520000000E+03   -0.1000000000E+01    0.6578947368E-02
   346    0.7676015036E-01    0.7211543382E+00    0.1825626835E+02    0.0000000000E+00    0.2120000000E+03   -0.1000000000E+01    0.4716981132E-02
   347    0.7087907107E-01    0.7209797846E+00    0.1825626242E+02    0.0000000000E+00    0.2130000000E+03   -0.1000000000E+01    0.4694835681E-02
   348    0.6342065929E-01    0.7202831925E+00    0.1825631780E+02    0.0000000000E+00    0.2020000000E+03   -0.1000000000E+01    0.4950495050E-02
   349    0.4379144132E-01    0.7204852165E+00    0.1825672178E+02    0.1007791470E-02    0.5130000000E+03   -0.1000000000E+01    0.1949317739E-02
   350    0.6282259370E-01    0.7204666750E+00    0.1825662501E+02    0.0000000000E+00    0.1400000000E+03   -0.1000000000E+01    0.7142857143E-02
   351    0.6487293178E-01    0.7206814708E+00    0.1825652102E+02    0.0000000000E+00    0.1580000000E+03   -0.1000000000E+01    0.6329113924E-02
   352    0.6512538805E-01    0.7205195716E+00    0.1825650678E+02    0.0000000000E+00    0.1620000000E+03   -0.1000000000E+01    0.6172839506E-02
   353    0.6096769108E-01    0.7208413250E+00    0.1825677653E+02    0.0000000000E+00    0.1000000000E+03   -0.1000000000E+01    0.1000000000E-01
   354    0.8576065110E-01    0.7209931903E+00    0.1825596651E+02    0.0000000000E+00    0.2550000000E+03   -0.1000000000E+01    0.3921568627E-02
   355    0.1356713134E+00    0.7215049955E+00    0.1825560219E+02    0.0000000000E+00    0.2760000000E+03   -0.1000000000E+01    0.3623188406E-02
   356    0.1155231913E+00    0.7626182226E+00    0.1821133602E+02    0.0000000000E+00    0.4190000000E+03   -0.1000000000E+01    0.2386634845E-02
   357    0.5344805721E-01    0.7210088793E+00    0.1825605377E+02    0.0000000000E+00    0.2460000000E+03   -0.1000000000E+01    0.4065040650E-02
   358    0.3321988442E-01    0.7218916983E+00    0.1825634377E+02    0.0000000000E+00    0.1970000000E+03   -0.1000000000E+01    0.5076142132E-02
   359    0.6259235413E-01    0.7204199571E+00    0.1825619809E+02    0.0000000000E+00    0.2260000000E+03   -0.1000000000E+01    0.4424778761E-02
   360    0.6375873474E-01    0.7204258438E+00    0.1825670456E+02    0.0000000000E+00    0.1160000000E+03   -0.1000000000E+01    0.8620689655E-02
   361    0.9318785067E-01    0.7194653286E+00    0.1825686427E+02    0.0000000000E+00    0.7100000000E+02   -0.1000000000E+01    0.1408450704E-01
   362    0.8249040966E-01    0.7204223035E+00    0.1825680201E+02    0.0000000000E+00    0.9200000000E+02   -0.1000000000E+01    0.1086956522E-01
   363    0.6435049039E-01    0.7208009198E+00    0.1825592847E+02    0.1428828203E-02    0.5880000000E+03   -0.1000000000E+01    0.1700680272E-02
   364    0.6564782944E-01    0.7204001226E+00    0.1825642390E+02    0.0000000000E+00    0.1880000000E+03   -0.1000000000E+01    0.5319148936E-02
   365    0.8918966413E-01    0.7213747940E+00    0.1825608687E+02    0.1014015491E-02    0.5200000000E+03   -0.1000000000E+01    0.1923076923E-02
   366    0.9603481126E-01    0.7201511679E+00    0.1825611468E+02    0.0000000000E+00    0.2420000000E+03   -0.1000000000E+01    0.4132231405E-02
   367    0.6479180102E-01    0.7204145263E+00    0.1825678661E+02    0.0000000000E+00    0.9700000000E+02   -0.1000000000E+01    0.1030927835E-01
   368    0.6383496699E-01    0.6509462303E+00    0.1799785687E+02    0.0000000000E+00    0.4760000000E+03   -0.1000000000E+01    0.2100840336E-02
   369    0.9026645291E-01    0.7207026791E+00    0.1825620779E+02    0.0000000000E+00    0.2230000000E+03   -0.1000000000E+01    0.4484304933E-02
   370    0.5793745819E-01    0.7203133774E+00    0.1825672546E+02    0.0000000000E+00    0.1130000000E+03   -0.1000000000E+01    0.8849557522E-02
   371    0.6252148286E-01    0.7208162009E+00    0.1825636180E+02    0.1014167957E-02    0.5350000000E+03   -0.1000000000E+01    0.1869158879E-02
   372    0.6351028872E-01    0.7203598802E+00    0.1825667174E+02    0.0000000000E+00    0.1270000000E+03   -0.1000000000E+01    0.7874015748E-02
   373    0.6207998311E-01    0.7211857119E+00    0.1825599553E+02    0.0000000000E+00    0.2530000000E+03   -0.1000000000E+01    0.3952569170E-02
   374    0.6670642297E-01    0.7205852766E+00    0.1825649489E+02    0.0000000000E+00    0.1660000000E+03   -0.1000000000E+01    0.6024096386E-02
   375    0.6067929947E-01    0.7204118896E+00    0.1825725850E+02    0.0000000000E+00    0.1700000000E+02   -0.1000000000E+01    0.5882352941E-01
   376    0.6567178939E-01    0.7204339113E+00    0.1825680498E+02    0.0000000000E+00    0.9100000000E+02   -0.1000000000E+01    0.1098901099E-01
   377    0.2062328011E-01    0.7203195653E+00    0.1825644490E+02    0.0000000000E+00    0.1790000000E+03   -0.1000000000E+01    0.5586592179E-02
   378    0.1219851837E+00    0.7200547956E+00    0.1825663220E+02    0.1226984196E-02    0.5690000000E+03   -0.1000000000E+01    0.1757469244E-02
   379    0.8261795027E-01    0.6944043559E+00    0.1823285216E+02    0.0000000000E+00    0.3960000000E+03   -0.1000000000E+01    0.2525252525E-02
   380    0.8611304416E-01    0.7202500709E+00    0.1825676511E+02    0.0000000000E+00    0.1030000000E+03   -0.1000000000E+01    0.9708737864E-02
   381    0.4460343289E-01    0.7204550191E+00    0.1825682068E+02    0.0000000000E+00    0.8800000000E+02   -0.1000000000E+01    0.1136363636E-01
   382    0.4064631126E-02    0.7202452626E+00    0.1825625162E+02    0.0000000000E+00    0.2150000000E+03   -0.1000000000E+01    0.4651162791E-02
   383    0.6473196701E-01    0.7209204837E+00    0.1825627715E+02    0.0000000000E+00    0.2100000000E+03   -0.1000000000E+01    0.4761904762E-02
   384    0.6526635282E-01    0.6238522004E+00    0.1770643416E+02    0.1747780892E-02    0.5980000000E+03   -0.1000000000E+01    0.1672240803E-02
   385    0.8234336935E-01    0.7209787689E+00    0.1825637703E+02    0.0000000000E+00    0.1940000000E+03   -0.1000000000E+01    0.5154639175E-02
   386    0.8011880896E-01    0.6534357566E+00    0.1801981993E+02    0.0000000000E+00    0.4720000000E+03   -0.1000000000E+01    0.2118644068E-02
   387    0.6620377184E-01    0.7201071904E+00    0.1825675712E+02    0.0000000000E+00    0.1050000000E+03   -0.1000000000E+01    0.9523809524E-02
   388    0.1015430416E+00    0.7199810741E+00    0.1825703239E+02    0.0000000000E+00    0.4700000000E+02   -0.1000000000E+01    0.2127659574E-01
   389    0.1011505461E+00    0.7205617473E+00    0.1825665217E+02    0.0000000000E+00    0.1330000000E+03   -0.1000000000E+01    0.7518796992E-02
   390    0.5271660409E-01    0.7193154710E+00    0.1825716430E+02    0.0000000000E+00    0.2700000000E+02   -0.1000000000E+01    0.3703703704E-01
   391    0.5632169343E-01    0.7207567137E+00    0.1825606685E+02    0.1050131838E-02    0.5530000000E+03   -0.1000000000E+01    0.1808318264E-02
   392    0.9754545671E-01    0.7191205045E+00    0.1825672069E+02    0.0000000000E+00    0.1150000000E+03   -0.1000000000E+01    0.8695652174E-02
   393    0.4484048823E-01    0.7208901581E+00    0.1825675940E+02    0.1006648303E-02    0.5070000000E+03   -0.1000000000E+01    0.1972386588E-02
   394    0.2117802895E+00    0.7204822228E+00    0.1825600032E+02    0.0000000000E+00    0.2520000000E+03   -0.1000000000E+01    0.3968253968E-02
   395    0.6472354313E-01    0.7574995628E+00    0.1821941849E+02    0.0000000000E+00    0.4120000000E+03   -0.1000000000E+01    0.2427184466E-02
   396    0.6480547353E-01    0.7206260030E+00    0.1825604049E+02    0.0000000000E+00    0.2480000000E+03   -0.1000000000E+01    0.4032258065E-02
   397    0.5548247445E-01    0.7209025587E+00    0.1825641199E+02    0.0000000000E+00    0.1900000000E+03   -0.1000000000E+01    0.5263157895E-02
   398    0.6587912977E-01    0.7202583316E+00    0.1825648111E+02    0.0000000000E+00    0.1700000000E+03   -0.1000000000E+01    0.5882352941E-02
   399    0.7774762487E-01    0.7190071951E+00    0.1825692305E+02    0.0000000000E+00    0.5900000000E+02   -0.1000000000E+01    0.1694915254E-01
   400    0.7611952527E-01    0.7208700231E+00    0.1825614537E+02    0.0000000000E+00    0.2360000000E+03   -0.1000000000E+01    0.4237288136E-02
   401    0.6540203256E-01    0.7204568774E+00    0.1825615261E+02    0.0000000000E+00    0.2350000000E+03   -0.1000000000E+01    0.4255319149E-02
   402    0.6514268861E-01    0.7206585047E+00    0.1825577346E+02    0.1485348284E-02    0.5920000000E+03   -0.1000000000E+01    0.1689189189E-02
   403    0.6503411671E-01    0.7206450511E+00    0.1825649570E+02    0.0000000000E+00    0.1650000000E+03   -0.1000000000E+01    0.6060606061E-02
   404    0.6548664451E-01    0.7204365423E+00    0.1825612266E+02    0.0000000000E+00    0.2390000000E+03   -0.1000000000E+01    0.4184100418E-02
   405    0.6455648793E-01    0.7201618661E+00    0.1825663434E+02    0.1035823778E-02    0.5450000000E+03   -0.1000000000E+01    0.1834862385E-02
   406    0.6085477855E-01    0.7211705072E+00    0.1825639151E+02    0.0000000000E+00    0.1930000000E+03   -0.1000000000E+01    0.5181347150E-02
   407    0.6629177290E-01    0.7208225889E+00    0.1825651435E+02    0.0000000000E+00    0.1610000000E+03   -0.1000000000E+01    0.6211180124E-02
   408    0.8043656928E-01    0.7210119263E+00    0.1825639882E+02    0.1006944604E-02    0.5110000000E+03   -0.1000000000E+01    0.1956947162E-02
   409    0.8931138413E-01    0.6394532985E+00    0.1788729112E+02    0.0000000000E+00    0.4830000000E+03   -0.1000000000E+01    0.2070393375E-02
   410    0.5148672431E-01    0.7343943477E+00    0.1824793348E+02    0.0000000000E+00    0.3690000000E+03   -0.1000000000E+01    0.2710027100E-02
   411    0.7686960291E-01    0.7205290244E+00    0.1825616312E+02    0.0000000000E+00    0.2330000000E+03   -0.1000000000E+01    0.4291845494E-02
   412    0.8931505985E-01    0.7206777739E+00    0.1825683478E+02    0.0000000000E+00    0.8100000000E+02   -0.1000000000E+01    0.1234567901E-01
   413    0.7161883104E-01    0.7201774584E+00    0.1825705142E+02    0.0000000000E+00    0.4400000000E+02   -0.1000000000E+01    0.2272727273E-01
   414    0.8224831910E-01    0.7196997599E+00    0.1825664145E+02    0.0000000000E+00    0.1340000000E+03   -0.1000000000E+01    0.7462686567E-02
   415    0.7238002185E-01    0.7199996472E+00    0.1825690365E+02    0.0000000000E+00    0.6500000000E+02   -0.1000000000E+01    0.1538461538E-01
   416    0.9483480917E-01    0.7204153382E+00    0.1825660113E+02    0.0000000000E+00    0.1460000000E+03   -0.1000000000E+01    0.6849315068E-02
   417    0.6524322735E-01    0.7200209690E+00    0.1825683376E+02    0.0000000000E+00    0.8200000000E+02   -0.1000000000E+01    0.1219512195E-01
   418    0.9697911375E-01    0.7203719947E+00    0.1825629611E+02    0.0000000000E+00    0.2080000000E+03   -0.1000000000E+01    0.4807692308E-02
   419    0.5406523670E-01    0.7209955090E+00    0.1825643878E+02    0.0000000000E+00    0.1820000000E+03   -0.1000000000E+01    0.5494505495E-02
   420    0.8390764740E-01    0.7203293533E+00    0.1825619359E+02    0.0000000000E+00    0.2270000000E+03   -0.1000000000E+01    0.4405286344E-02
   421    0.3739424682E-01    0.7201523321E+00    0.1825674013E+02    0.0000000000E+00    0.1100000000E+03   -0.1000000000E+01    0.9090909091E-02
   422    0.8054959013E-01    0.7205527579E+00    0.1825677545E+02    0.1105512167E-02    0.5630000000E+03   -0.1000000000E+01    0.1776198934E-02
   423    0.8208648583E-01    0.7212301072E+00    0.1825654240E+02    0.0000000000E+00    0.1550000000E+03   -0.1000000000E+01    0.6451612903E-02
   424    0.6590471296E-01    0.7201487843E+00    0.1825678887E+02    0.0000000000E+00    0.9500000000E+02   -0.1000000000E+01    0.1052631579E-01
   425    0.9435686259E-01    0.7206272787E+00    0.1825637416E+02    0.0000000000E+00    0.1950000000E+03   -0.1000000000E+01    0.5128205128E-02
   426    0.6512276098E-01    0.7196606388E+00    0.1825702251E+02    0.0000000000E+00    0.4900000000E+02   -0.1000000000E+01    0.2040816327E-01
   427    0.5001011538E-01    0.7195503987E+00    0.1825679156E+02    0.0000000000E+00    0.9400000000E+02   -0.1000000000E+01    0.1063829787E-01
   428    0.4523367294E-01    0.7201769619E+00    0.1825649421E+02    0.0000000000E+00    0.1670000000E+03   -0.1000000000E+01    0.5988023952E-02
   429    0.8034111389E-01    0.7192807575E+00    0.1825699474E+02    0.0000000000E+00    0.5400000000E+02   -0.1000000000E+01    0.1851851852E-01
   430    0.7391853182E-01    0.7200157875E+00    0.1825661688E+02    0.0000000000E+00    0.1420000000E+03   -0.1000000000E+01    0.7042253521E-02
   431    0.5998033479E-01    0.7205747862E+00    0.1825646021E+02    0.0000000000E+00    0.1750000000E+03   -0.1000000000E+01    0.5714285714E-02
   432    0.6277894779E-01    0.7210228153E+00    0.1825658220E+02    0.0000000000E+00    0.1480000000E+03   -0.1000000000E+01    0.6756756757E-02
   433    0.6399864604E-01    0.7199219103E+00    0.1825672502E+02    0.1036152113E-02    0.5490000000E+03   -0.1000000000E+01    0.1821493625E-02
   434    0.4939725752E-01    0.7198054503E+00    0.1825648115E+02    0.0000000000E+00    0.1690000000E+03   -0.1000000000E+01    0.5917159763E-02
   435    0.4120910746E-01    0.7187489971E+00    0.1825686623E+02    0.1035950208E-02    0.5470000000E+03   -0.1000000000E+01    0.1828153565E-02
   436    0.4077448738E-01    0.7186023187E+00    0.1825748865E+02    0.0000000000E+00    0.4000000000E+01   -0.1000000000E+01    0.2500000000E+00
   437    0.5920438276E-01    0.7201808153E+00    0.1825684285E+02    0.0000000000E+00    0.7700000000E+02   -0.1000000000E+01    0.1298701299E-01
   438    0.7309374775E-01    0.7204085327E+00    0.1825620628E+02    0.0000000000E+00    0.2240000000E+03   -0.1000000000E+01    0.4464285714E-02
   439    0.3379091448E-01    0.7181471914E+00    0.1825721760E+02    0.0000000000E+00    0.2100000000E+02   -0.1000000000E+01    0.4761904762E-01
   440    0.4181421650E-01    0.7185528908E+00    0.1825669775E+02    0.0000000000E+00    0.1180000000E+03   -0.1000000000E+01    0.8474576271E-02
   441    0.6284218770E-01    0.7199828902E+00    0.1825675404E+02    0.0000000000E+00    0.1070000000E+03   -0.1000000000E+01    0.9345794393E-02
   442    0.6313535183E-01    0.7208482559E+00    0.1825651951E+02    0.0000000000E+00    0.1590000000E+03   -0.1000000000E+01    0.6289308176E-02
   443    0.5763779115E-01    0.7195942193E+00    0.1825673955E+02    0.0000000000E+00    0.1110000000E+03   -0.1000000000E+01    0.9009009009E-02
   444    0.1059433676E+00    0.7201331413E+00    0.1825677090E+02    0.0000000000E+00    0.1010000000E+03   -0.1000000000E+01    0.9900990099E-02
   445    0.5195565622E-01    0.7189674985E+00    0.1825714625E+02    0.1098872861E-02    0.5620000000E+03   -0.1000000000E+01    0.1779359431E-02
   446    0.7237977890E-01    0.7245900911E+00    0.1825523115E+02    0.0000000000E+00    0.2980000000E+03   -0.1000000000E+01    0.3355704698E-02
   447    0.5199623863E-01    0.7210942516E+00    0.1825638959E+02    0.1014553503E-02    0.5400000000E+03   -0.1000000000E+01    0.1851851852E-02
   448    0.1631676576E-01    0.7203131470E+00    0.1825626009E+02    0.0000000000E+00    0.2140000000E+03   -0.1000000000E+01    0.4672897196E-02
   449    0.4903893097E-01    0.7211957584E+00    0.1825570819E+02    0.0000000000E+00    0.2690000000E+03   -0.1000000000E+01    0.3717472119E-02
   450    0.8155819116E-01    0.7192902198E+00    0.1825696752E+02    0.0000000000E+00    0.5600000000E+02   -0.1000000000E+01    0.1785714286E-01
   451    0.6217595816E-01    0.7196829183E+00    0.1825644879E+02    0.0000000000E+00    0.1780000000E+03   -0.1000000000E+01    0.5617977528E-02
   452    0.6362610229E-01    0.7203896101E+00    0.1825659036E+02    0.0000000000E+00    0.1470000000E+03   -0.1000000000E+01    0.6802721088E-02
   453    0.6295346088E-01    0.7201367401E+00    0.1825699712E+02    0.0000000000E+00    0.5300000000E+02   -0.1000000000E+01    0.1886792453E-01
   454    0.6138197424E-01    0.7193561892E+00    0.1825661899E+02    0.0000000000E+00    0.1410000000E+03   -0.1000000000E+01    0.7092198582E-02
   455    0.8794487078E-01    0.7196793051E+00    0.1825710397E+02    0.1014028048E-02    0.5260000000E+03   -0.1000000000E+01    0.1901140684E-02
   456    0.5751900410E-01    0.7192620912E+00    0.1825622405E+02    0.0000000000E+00    0.2200000000E+03   -0.1000000000E+01    0.4545454545E-02
   457    0.8848487990E-01    0.7206216055E+00    0.1825632462E+02    0.0000000000E+00    0.2000000000E+03   -0.1000000000E+01    0.5000000000E-02
   458    0.7492140723E-01    0.7196180852E+00    0.1825722206E+02    0.0000000000E+00    0.2000000000E+02   -0.1000000000E+01    0.5000000000E-01
   459    0.8282176098E-01    0.7199975549E+00    0.1825613015E+02    0.0000000000E+00    0.2370000000E+03   -0.1000000000E+01    0.4219409283E-02
   460    0.2754135683E-01    0.7194640179E+00    0.1825665853E+02    0.0000000000E+00    0.1300000000E+03   -0.1000000000E+01    0.7692307692E-02
   461    0.4668553069E-01    0.7213359929E+00    0.1825623691E+02    0.0000000000E+00    0.2170000000E+03   -0.1000000000E+01    0.4608294931E-02
   462    0.1107445613E+00    0.7143262473E+00    0.1825660999E+02    0.0000000000E+00    0.1440000000E+03   -0.1000000000E+01    0.6944444444E-02
   463    0.4715164965E-01    0.7183129075E+00    0.1825705339E+02    0.1014024460E-02    0.5230000000E+03   -0.1000000000E+01    0.1912045889E-02
   464    0.5500481198E-01    0.7196456003E+00    0.1825708654E+02    0.0000000000E+00    0.3800000000E+02   -0.1000000000E+01    0.2631578947E-01
   465    0.8727893674E-01    0.6852126649E+00    0.1820520678E+02    0.0000000000E+00    0.4230000000E+03   -0.1000000000E+01    0.2364066194E-02
   466    0.8359431427E-01    0.7212723068E+00    0.1825606595E+02    0.1014598324E-02    0.5410000000E+03   -0.1000000000E+01    0.1848428835E-02
   467    0.3152378805E-01    0.7185320282E+00    0.1825660227E+02    0.0000000000E+00    0.1450000000E+03   -0.1000000000E+01    0.6896551724E-02
   468    0.4304161382E-01    0.7182174818E+00    0.1825686257E+02    0.0000000000E+00    0.7200000000E+02   -0.1000000000E+01    0.1388888889E-01
   469    0.3075268414E-01    0.7192159292E+00    0.1825710398E+02    0.0000000000E+00    0.3400000000E+02   -0.1000000000E+01    0.2941176471E-01
   470    0.7219776141E-01    0.7190693078E+00    0.1825713781E+02    0.1050178605E-02    0.5560000000E+03   -0.1000000000E+01    0.1798561151E-02
   471    0.8152997558E-01    0.7203221876E+00    0.1825587904E+02    0.0000000000E+00    0.2600000000E+03   -0.1000000000E+01    0.3846153846E-02
   472    0.9935678558E-01    0.7203791604E+00    0.1825676937E+02    0.0000000000E+00    0.1020000000E+03   -0.1000000000E+01    0.9803921569E-02
   473    0.6469876757E-01    0.7202881170E+00    0.1825630617E+02    0.0000000000E+00    0.2060000000E+03   -0.1000000000E+01    0.4854368932E-02
   474    0.3421490790E-01    0.7175197132E+00    0.1825724976E+02    0.0000000000E+00    0.1800000000E+02   -0.1000000000E+01    0.5555555556E-01
   475    0.7277527055E-01    0.7177435972E+00    0.1825663436E+02    0.0000000000E+00    0.1350000000E+03   -0.1000000000E+01    0.7407407407E-02
   476    0.5153363738E-01    0.7183962812E+00    0.1825706762E+02    0.0000000000E+00    0.4100000000E+02   -0.1000000000E+01    0.2439024390E-01
   477    0.3578286835E-01    0.7183980349E+00    0.1825644303E+02    0.0000000000E+00    0.1800000000E+03   -0.1000000000E+01    0.5555555556E-02
   478    0.3878253351E-01    0.7183514751E+00    0.1825764602E+02    0.1591716432E-02    0.5950000000E+03   -0.1000000000E+01    0.1680672269E-02
   479    0.1364057336E+00    0.7191207354E+00    0.1825648461E+02    0.0000000000E+00    0.1680000000E+03   -0.1000000000E+01    0.5952380952E-02
   480    0.6780383678E-01    0.7203469427E+00    0.1825674758E+02    0.0000000000E+00    0.1090000000E+03   -0.1000000000E+01    0.9174311927E-02
   481    0.5810954807E-01    0.7192907197E+00    0.1825716644E+02    0.0000000000E+00    0.2600000000E+02   -0.1000000000E+01    0.3846153846E-01
   482    0.5131513370E-01    0.8041206226E+00    0.1814816283E+02    0.0000000000E+00    0.4380000000E+03   -0.1000000000E+01    0.2283105023E-02
   483    0.5460591058E-01    0.6407834689E+00    0.1790204437E+02    0.0000000000E+00    0.4820000000E+03   -0.1000000000E+01    0.2074688797E-02
   484    0.5106818079E-01    0.7197608031E+00    0.1825622755E+02    0.0000000000E+00    0.2180000000E+03   -0.1000000000E+01    0.4587155963E-02
   485    0.2242364369E-01    0.7184715248E+00    0.1825667970E+02    0.0000000000E+00    0.1260000000E+03   -0.1000000000E+01    0.7936507937E-02
   486    0.3432183867E-01    0.7184694387E+00    0.1825713462E+02    0.0000000000E+00    0.3100000000E+02   -0.1000000000E+01    0.3225806452E-01
   487    0.3791677010E-01    0.7199920883E+00    0.1825691203E+02    0.0000000000E+00    0.6300000000E+02   -0.1000000000E+01    0.1587301587E-01
   488    0.3288013660E-01    0.7200868545E+00    0.1825662898E+02    0.0000000000E+00    0.1370000000E+03   -0.1000000000E+01    0.7299270073E-02
   489    0.4063739535E-01    0.7155513767E+00    0.1825685731E+02    0.0000000000E+00    0.7400000000E+02   -0.1000000000E+01    0.1351351351E-01
   490    0.2405954735E-01    0.7278626438E+00    0.1825326048E+02    0.0000000000E+00    0.3220000000E+03   -0.1000000000E+01    0.3105590062E-02
   491    0.3173193060E-01    0.7180692789E+00    0.1825745546E+02    0.0000000000E+00    0.6000000000E+01   -0.1000000000E+01    0.1666666667E+00
   492    0.4325746468E-01    0.7180527530E+00    0.1825672534E+02    0.0000000000E+00    0.1140000000E+03   -0.1000000000E+01    0.8771929825E-02
   493    0.4356347009E-01    0.7171681564E+00    0.1825665550E+02    0.1208867873E-02    0.5670000000E+03   -0.1000000000E+01    0.1763668430E-02
   494    0.3142592519E-01    0.7189538754E+00    0.1825618276E+02    0.0000000000E+00    0.2300000000E+03   -0.1000000000E+01    0.4347826087E-02
   495    0.3999233743E-01    0.7173132368E+00    0.1825723643E+02    0.0000000000E+00    0.1900000000E+02   -0.1000000000E+01    0.5263157895E-01
   496    0.4225430879E-01    0.7171819782E+00    0.1825703017E+02    0.0000000000E+00    0.4800000000E+02   -0.1000000000E+01    0.2083333333E-01
   497    0.5060432306E-01    0.7187842631E+00    0.1825733463E+02    0.0000000000E+00    0.1400000000E+02   -0.1000000000E+01    0.7142857143E-01
   498    0.3289202417E-01    0.7173377687E+00    0.1825691344E+02    0.0000000000E+00    0.6200000000E+02   -0.1000000000E+01    0.1612903226E-01
   499    0.1190622449E+00    0.7179511508E+00    0.1825686001E+02    0.0000000000E+00    0.7300000000E+02   -0.1000000000E+01    0.1369863014E-01
   500    0.3384297508E-01    0.7198141257E+00    0.1825609434E+02    0.0000000000E+00    0.2430000000E+03   -0.1000000000E+01    0.4115226337E-02
   501    0.1052688117E+00    0.7187423626E+00    0.1825691787E+02    0.0000000000E+00    0.6100000000E+02   -0.1000000000E+01    0.1639344262E-01
   502    0.3486246130E-01    0.7202391164E+00    0.1825643405E+02    0.0000000000E+00    0.1860000000E+03   -0.1000000000E+01    0.5376344086E-02
   503    0.8895109015E-01    0.7198131799E+00    0.1825669631E+02    0.0000000000E+00    0.1190000000E+03   -0.1000000000E+01    0.8403361345E-02
   504    0.4761191299E-01    0.7191226402E+00    0.1825706115E+02    0.0000000000E+00    0.4200000000E+02   -0.1000000000E+01    0.2380952381E-01
   505    0.5239684492E-01    0.7182923108E+00    0.1825722516E+02    0.1470223126E-02    0.5910000000E+03   -0.1000000000E+01    0.1692047377E-02
   506    0.3086872306E-01    0.7181732492E+00    0.1825715155E+02    0.0000000000E+00    0.2900000000E+02   -0.1000000000E+01    0.3448275862E-01
   507    0.5020783525E-01    0.7187308386E+00    0.1825643613E+02    0.0000000000E+00    0.1830000000E+03   -0.1000000000E+01    0.5464480874E-02
   508    0.4117097520E-01    0.7186557432E+00    0.1825713414E+02    0.0000000000E+00    0.3200000000E+02   -0.1000000000E+01    0.3125000000E-01
   509    0.3822826831E-01    0.7179256931E+00    0.1825733755E+02    0.0000000000E+00    0.1300000000E+02   -0.1000000000E+01    0.7692307692E-01
   510    0.1496409011E-01    0.7178871830E+00    0.1825675646E+02    0.0000000000E+00    0.1060000000E+03   -0.1000000000E+01    0.9433962264E-02
   511    0.4762433600E-01    0.7187819983E+00    0.1825665510E+02    0.0000000000E+00    0.1310000000E+03   -0.1000000000E+01    0.7633587786E-02
   512    0.4375447445E-01    0.7437765027E+00    0.1823716739E+02    0.0000000000E+00    0.3900000000E+03   -0.1000000000E+01    0.2564102564E-02
   513    0.4929081688E-01    0.7190990863E+00    0.1825669228E+02    0.0000000000E+00    0.1200000000E+03   -0.1000000000E+01    0.8333333333E-02
   514    0.1072145739E-01    0.7188592056E+00    0.1825679849E+02    0.0000000000E+00    0.9300000000E+02   -0.1000000000E+01    0.1075268817E-01
   515    0.3154095227E-01    0.7171072615E+00    0.1825748286E+02    0.0000000000E+00    0.5000000000E+01   -0.1000000000E+01    0.2000000000E+00
   516    0.4198846726E-01    0.7157818839E+00    0.1825737184E+02    0.0000000000E+00    0.1100000000E+02   -0.1000000000E+01    0.9090909091E-01
   517    0.5517004216E-01    0.7185484203E+00    0.1825698251E+02    0.0000000000E+00    0.5500000000E+02   -0.1000000000E+01    0.1818181818E-01
   518    0.3620876829E-01    0.7188381615E+00    0.1825650313E+02    0.0000000000E+00    0.1640000000E+03   -0.1000000000E+01    0.6097560976E-02
   519    0.3084225114E-01    0.7183875790E+00    0.1825666785E+02    0.0000000000E+00    0.1280000000E+03   -0.1000000000E+01    0.7812500000E-02
   520    0.4166416685E-01    0.7182840186E+00    0.1825755919E+02    0.0000000000E+00    0.1000000000E+01    0.4900000000E+02    0.1000000000E+01
   521    0.1453469903E+00    0.7181459991E+00    0.1825699724E+02    0.0000000000E+00    0.5200000000E+02   -0.1000000000E+01    0.1923076923E-01
   522    0.2792905093E-01    0.7195413649E+00    0.1825689649E+02    0.0000000000E+00    0.6600000000E+02   -0.1000000000E+01    0.1515151515E-01
   523    0.1416956383E+00    0.6951650516E+00    0.1823463471E+02    0.0000000000E+00    0.3920000000E+03   -0.1000000000E+01    0.2551020408E-02
   524    0.1939222448E+00    0.6953875043E+00    0.1823456676E+02    0.0000000000E+00    0.3930000000E+03   -0.1000000000E+01    0.2544529262E-02
   525    0.4027989776E-01    0.7169843707E+00    0.1825719838E+02    0.0000000000E+00    0.2400000000E+02   -0.1000000000E+01    0.4166666667E-01
   526    0.4048692706E-01    0.7189311848E+00    0.1825683185E+02    0.0000000000E+00    0.8300000000E+02   -0.1000000000E+01    0.1204819277E-01
   527    0.4220212298E-01    0.7184563001E+00    0.1825639249E+02    0.1014072893E-02    0.5290000000E+03   -0.1000000000E+01    0.1890359168E-02
   528    0.4309379964E-01    0.7169431599E+00    0.1825749867E+02    0.0000000000E+00    0.3000000000E+01   -0.1000000000E+01    0.3333333333E+00
   529    0.3798516464E-01    0.7208298916E+00    0.1825644290E+02    0.0000000000E+00    0.1810000000E+03   -0.1000000000E+01    0.5524861878E-02
   530    0.3815987378E-01    0.7170878897E+00    0.1825703635E+02    0.0000000000E+00    0.4600000000E+02   -0.1000000000E+01    0.2173913043E-01
   531    0.5877757684E-01    0.7186436896E+00    0.1825668802E+02    0.0000000000E+00    0.1220000000E+03   -0.1000000000E+01    0.8196721311E-02
   532    0.3756344053E-01    0.7185604739E+00    0.1825711799E+02    0.0000000000E+00    0.3300000000E+02   -0.1000000000E+01    0.3030303030E-01
   533    0.6268323294E-01    0.7181793124E+00    0.1825689036E+02    0.0000000000E+00    0.6800000000E+02   -0.1000000000E+01    0.1470588235E-01
   534    0.3570621288E-01    0.7180957779E+00    0.1825687745E+02    0.1072035136E-02    0.5580000000E+03   -0.1000000000E+01    0.1792114695E-02
   535    0.4450995348E-01    0.7178840597E+00    0.1825645201E+02    0.0000000000E+00    0.1770000000E+03   -0.1000000000E+01    0.5649717514E-02
   536    0.4476612636E-01    0.7195225991E+00    0.1825668125E+02    0.0000000000E+00    0.1250000000E+03   -0.1000000000E+01    0.8000000000E-02
   537    0.7958864989E-01    0.7170797131E+00    0.1825708879E+02    0.1014221763E-02    0.5370000000E+03   -0.1000000000E+01    0.1862197393E-02
   538    0.4321242002E-01    0.7181474654E+00    0.1825761134E+02    0.1014252251E-02    0.5380000000E+03   -0.1000000000E+01    0.1858736059E-02
   539    0.3807667820E-01    0.7806911834E+00    0.1818380647E+02    0.0000000000E+00    0.4320000000E+03   -0.1000000000E+01    0.2314814815E-02
   540    0.3531941926E-01    0.7326487601E+00    0.1824927692E+02    0.0000000000E+00    0.3560000000E+03   -0.1000000000E+01    0.2808988764E-02
   541    0.3218185481E-01    0.7188401857E+00    0.1825642457E+02    0.1408292513E-02    0.5860000000E+03   -0.1000000000E+01    0.1706484642E-02
   542    0.2783041947E-01    0.7191181061E+00    0.1825707426E+02    0.0000000000E+00    0.4000000000E+02   -0.1000000000E+01    0.2500000000E-01
   543    0.4164981074E-01    0.7176676431E+00    0.1825655367E+02    0.0000000000E+00    0.1510000000E+03   -0.1000000000E+01    0.6622516556E-02
   544    0.4310815575E-01    0.7175595353E+00    0.1825682289E+02    0.0000000000E+00    0.8600000000E+02   -0.1000000000E+01    0.1162790698E-01
   545    0.4108996151E-01    0.7186843834E+00    0.1825707390E+02    0.1014144640E-02    0.5330000000E+03   -0.1000000000E+01    0.1876172608E-02
   546    0.4366800498E-01    0.7165427951E+00    0.1825738101E+02    0.0000000000E+00    0.9000000000E+01   -0.1000000000E+01    0.1111111111E+00
   547    0.4781070808E-01    0.7170659931E+00    0.1825684049E+02    0.0000000000E+00    0.7800000000E+02   -0.1000000000E+01    0.1282051282E-01
   548    0.4238946460E-01    0.7189780823E+00    0.1825720673E+02    0.0000000000E+00    0.2300000000E+02   -0.1000000000E+01    0.4347826087E-01
   549    0.9630933436E-02    0.7178236593E+00    0.1825685137E+02    0.0000000000E+00    0.7600000000E+02   -0.1000000000E+01    0.1315789474E-01
   550    0.4256290460E-01    0.7174035191E+00    0.1825709521E+02    0.0000000000E+00    0.3500000000E+02   -0.1000000000E+01    0.2857142857E-01
   551    0.3523070714E-01    0.7180765223E+00    0.1825692205E+02    0.0000000000E+00    0.6000000000E+02   -0.1000000000E+01    0.1666666667E-01
   552    0.3649356090E-01    0.7173059934E+00    0.1825631600E+02    0.0000000000E+00    0.2040000000E+03   -0.1000000000E+01    0.4901960784E-02
   553    0.2670707366E-02    0.7179266751E+00    0.1825709375E+02    0.0000000000E+00    0.3600000000E+02    0.3700000000E+02    0.2777777778E-01
   554    0.6746342491E-01    0.7185089282E+00    0.1825701242E+02    0.0000000000E+00    0.5000000000E+02    0.3300000000E+02    0.2000000000E-01
   555    0.4208717816E-01    0.7153477109E+00    0.1825715086E+02    0.0000000000E+00    0.3000000000E+02    0.3800000000E+02    0.3333333333E-01
   556    0.4018118686E-01    0.7174185437E+00    0.1825754397E+02    0.0000000000E+00    0.2000000000E+01    0.4800000000E+02    0.5000000000E+00
   557    0.3902666425E-01    0.7181120861E+00    0.1825741072E+02    0.0000000000E+00    0.8000000000E+01    0.4600000000E+02    0.1250000000E+00
   558    0.4018159314E-01    0.7184717379E+00    0.1825737752E+02    0.0000000000E+00    0.1000000000E+02    0.4500000000E+02    0.1000000000E+00
   559    0.4136665144E-01    0.7174307646E+00    0.1825668313E+02    0.0000000000E+00    0.1240000000E+03    0.1900000000E+02    0.8064516129E-02
   560    0.3995541651E-01    0.7174380883E+00    0.1825681351E+02    0.0000000000E+00    0.8900000000E+02    0.2500000000E+02    0.1123595506E-01
   561    0.3464257857E-01    0.7188911181E+00    0.1825673515E+02    0.0000000000E+00    0.1120000000E+03    0.2100000000E+02    0.8928571429E-02
   562    0.4191369455E-01    0.7163360604E+00    0.1825718375E+02    0.0000000000E+00    0.2500000000E+02    0.4000000000E+02    0.4000000000E-01
   563    0.4122449784E-01    0.6361026246E+00    0.1785256895E+02    0.1042969207E-02    0.5510000000E+03    0.8000000000E+01    0.1814882033E-02
   564    0.3872840729E-01    0.7187239464E+00    0.1825731059E+02    0.0000000000E+00    0.1600000000E+02    0.4200000000E+02    0.6250000000E-01
   565    0.8338495204E-01    0.7181366804E+00    0.1825709085E+02    0.0000000000E+00    0.3700000000E+02    0.3600000000E+02    0.2702702703E-01
   566    0.1083127414E+00    0.7181886312E+00    0.1825642343E+02    0.1050138767E-02    0.5540000000E+03    0.7000000000E+01    0.1805054152E-02
   567    0.3651510289E-01    0.7183837131E+00    0.1825664768E+02    0.1105994159E-02    0.5640000000E+03    0.6000000000E+01    0.1773049645E-02
   568    0.4480696506E-01    0.7164851398E+00    0.1825689391E+02    0.0000000000E+00    0.6700000000E+02    0.3000000000E+02    0.1492537313E-01
   569    0.4313214161E-01    0.7163884878E+00    0.1825648007E+02    0.0000000000E+00    0.1710000000E+03    0.1500000000E+02    0.5847953216E-02
   570    0.4162582488E-01    0.7188386907E+00    0.1825683624E+02    0.0000000000E+00    0.8000000000E+02    0.2700000000E+02    0.1250000000E-01
   571    0.3303537405E-01    0.7185549977E+00    0.1825681425E+02    0.1013993965E-02    0.5150000000E+03    0.1000000000E+02    0.1941747573E-02
   572    0.4224028039E-01    0.7172283479E+00    0.1825793579E+02    0.1221066659E-02    0.5680000000E+03    0.5000000000E+01    0.1760563380E-02
   573    0.4185536015E-01    0.7192660874E+00    0.1825630115E+02    0.0000000000E+00    0.2070000000E+03    0.1400000000E+02    0.4830917874E-02
   574    0.4179727396E-01    0.7147998150E+00    0.1825705291E+02    0.0000000000E+00    0.4300000000E+02    0.3500000000E+02    0.2325581395E-01
   575    0.6676601431E-01    0.7168917407E+00    0.1825690959E+02    0.0000000000E+00    0.6400000000E+02    0.3100000000E+02    0.1562500000E-01
   576    0.1263916841E+00    0.7183202515E+00    0.1825655389E+02    0.1407910139E-02    0.5830000000E+03    0.3000000000E+01    0.1715265866E-02
   577    0.1734380137E-01    0.7176172599E+00    0.1825696088E+02    0.0000000000E+00    0.5700000000E+02    0.3200000000E+02    0.1754385965E-01
   578    0.3784608066E-01    0.7158069733E+00    0.1825721460E+02    0.0000000000E+00    0.2200000000E+02    0.4100000000E+02    0.4545454545E-01
   579    0.4185515149E-01    0.6706515648E+00    0.1813920011E+02    0.0000000000E+00    0.4420000000E+03    0.1100000000E+02    0.2262443439E-02
   580    0.3883567961E-01    0.7181266012E+00    0.1825744604E+02    0.0000000000E+00    0.7000000000E+01    0.4700000000E+02    0.1428571429E+00
   581    0.3905491740E-01    0.7180348422E+00    0.1825678420E+02    0.0000000000E+00    0.9800000000E+02    0.2300000000E+02    0.1020408163E-01
   582    0.3911143410E-01    0.7257352954E+00    0.1825391212E+02    0.0000000000E+00    0.3190000000E+03    0.1300000000E+02    0.3134796238E-02
   583    0.4050414642E-01    0.7183411977E+00    0.1825654775E+02    0.0000000000E+00    0.1530000000E+03    0.1700000000E+02    0.6535947712E-02
   584    0.4134161357E-01    0.7742430154E+00    0.1819450812E+02    0.0000000000E+00    0.4260000000E+03    0.1200000000E+02    0.2347417840E-02
   585    0.3612018334E-01    0.7235310300E+00    0.1825576084E+02    0.1582388259E-02    0.5940000000E+03    0.1000000000E+01    0.1683501684E-02
   586    0.3569279682E-01    0.7264237234E+00    0.1825341340E+02    0.1407869119E-02    0.5820000000E+03    0.4000000000E+01    0.1718213058E-02
   587    0.9081309373E-01    0.7190813422E+00    0.1825624796E+02    0.1434095344E-02    0.5900000000E+03    0.2000000000E+01    0.1694915254E-02
   588    0.4351848884E-01    0.7191502356E+00    0.1825683993E+02    0.0000000000E+00    0.7900000000E+02    0.2800000000E+02    0.1265822785E-01
   589    0.4252871706E-01    0.7187714945E+00    0.1825715267E+02    0.0000000000E+00    0.2800000000E+02    0.3900000000E+02    0.3571428571E-01
   590    0.4396701395E-01    0.7189132136E+00    0.1825765365E+02    0.1014001140E-02    0.5160000000E+03    0.9000000000E+01    0.1937984496E-02
   591    0.3968794935E-01    0.7176506010E+00    0.1825680792E+02    0.0000000000E+00    0.9000000000E+02    0.2400000000E+02    0.1111111111E-01
   592    0.7061529012E-01    0.7180519613E+00    0.1825682110E+02    0.0000000000E+00    0.8700000000E+02    0.2600000000E+02    0.1149425287E-01
   593    0.6947345014E-01    0.7185117480E+00    0.1825675868E+02    0.0000000000E+00    0.1040000000E+03    0.2200000000E+02    0.9615384615E-02
   594    0.4037943937E-01    0.7189752625E+00    0.1825686470E+02    0.0000000000E+00    0.7000000000E+02    0.2900000000E+02    0.1428571429E-01
   595    0.3999649823E-01    0.7139994006E+00    0.1825668908E+02    0.0000000000E+00    0.1210000000E+03    0.2000000000E+02    0.8264462810E-02
   596    0.4198196259E-01    0.7182189581E+00    0.1825731090E+02    0.0000000000E+00    0.1500000000E+02    0.4300000000E+02    0.6666666667E-01
   597    0.2088241128E-01    0.7166469080E+00    0.1825733902E+02    0.0000000000E+00    0.1200000000E+02    0.4400000000E+02    0.8333333333E-01
   598    0.4951091279E-01    0.7198747172E+00    0.1825650482E+02    0.0000000000E+00    0.1630000000E+03    0.1600000000E+02    0.6134969325E-02
   599    0.4080370449E-01    0.7176106752E+00    0.1825703941E+02    0.0000000000E+00    0.4500000000E+02    0.3400000000E+02    0.2222222222E-01
   600    0.4104164921E-01    0.7180918870E+00    0.1825663154E+02    0.0000000000E+00    0.1360000000E+03    0.1800000000E+02    0.7352941176E-02
