 
    >>Normalized Constraint Values:
     0.12E+01     0.40E-01     0.12E+01
    -0.44E+00     0.17E-01    -0.44E+00
    -0.21E+01     0.21E-01    -0.21E+01
    -0.32E+01     0.40E-01    -0.32E+01
    -0.16E+01     0.17E-01    -0.16E+01
     0.60E-01     0.21E-01     0.60E-01
     0.13E+00     0.41E-01     0.13E+00
     0.23E+01     0.51E-01     0.23E+01
 
 
    >>Objective:       7.6597       0.0049       7.6646
    >>Coeff of variance:       0.0091
 
 iter    objective      ||grad||        inf_pr          inf_du         lg(mu)
    0  0.7664645E+01  0.0000000E+00  0.2262649E+01  0.1341728E+01  0.1000000E+01
 
    >>Normalized Constraint Values:
     0.63E+00     0.21E-01     0.63E+00
    -0.41E+00     0.19E-01    -0.41E+00
    -0.18E+01     0.19E-01    -0.18E+01
    -0.26E+01     0.21E-01    -0.26E+01
    -0.16E+01     0.19E-01    -0.16E+01
    -0.19E+00     0.19E-01    -0.19E+00
    -0.11E+00     0.39E-01    -0.11E+00
     0.14E+01     0.30E-01     0.14E+01
 
 
    >>Objective:       9.4555       0.0206       9.4761
    >>Coeff of variance:       0.0152
    1  0.9476113E+01  0.1606713E+01  0.1573591E+01  0.1042555E+02  0.3970626E+00
 
    >>Normalized Constraint Values:
     0.31E+00     0.79E-02     0.31E+00
    -0.31E+00     0.92E-02    -0.31E+00
    -0.15E+01     0.31E-01    -0.15E+01
    -0.23E+01     0.79E-02    -0.23E+01
    -0.17E+01     0.92E-02    -0.17E+01
    -0.48E+00     0.31E-01    -0.48E+00
    -0.16E+00     0.42E-01    -0.16E+00
     0.71E+00     0.37E-01     0.71E+00
 
 
    >>Objective:       9.6049       0.0134       9.6183
    >>Coeff of variance:       0.0121
    2  0.9618307E+01  0.1046229E+01  0.8251883E+00  0.4798584E+01  0.4218997E+00
 
    >>Normalized Constraint Values:
    -0.47E-01     0.15E-01    -0.47E-01
    -0.28E+00     0.19E-01    -0.28E+00
    -0.13E+01     0.18E-01    -0.13E+01
    -0.20E+01     0.15E-01    -0.20E+01
    -0.17E+01     0.19E-01    -0.17E+01
    -0.72E+00     0.18E-01    -0.72E+00
     0.63E-01     0.41E-01     0.63E-01
     0.49E+00     0.28E-01     0.49E+00
 
 
    >>Objective:      12.8295       0.0479      12.8774
    >>Coeff of variance:       0.0171
    3  0.1287738E+02  0.9237732E+00  0.4864028E+00  0.2478832E+02  0.4482896E+00
 
    >>Normalized Constraint Values:
    -0.75E-01     0.87E-02    -0.75E-01
    -0.41E+00     0.14E-01    -0.41E+00
    -0.12E+01     0.25E-01    -0.12E+01
    -0.19E+01     0.87E-02    -0.19E+01
    -0.16E+01     0.14E-01    -0.16E+01
    -0.75E+00     0.25E-01    -0.75E+00
    -0.12E+00     0.46E-01    -0.12E+00
     0.21E+00     0.22E-01     0.21E+00
 
 
    >>Objective:      12.8213       0.0311      12.8524
    >>Coeff of variance:       0.0138
    4  0.1285245E+02  0.6370212E+00  0.2425001E+00  0.2360542E+01  0.3494230E+00
 
    >>Normalized Constraint Values:
    -0.12E+00     0.73E-02    -0.12E+00
    -0.43E+00     0.15E-01    -0.43E+00
    -0.12E+01     0.25E-01    -0.12E+01
    -0.19E+01     0.73E-02    -0.19E+01
    -0.16E+01     0.15E-01    -0.16E+01
    -0.77E+00     0.25E-01    -0.77E+00
    -0.12E+00     0.52E-01    -0.12E+00
     0.10E+00     0.23E-01     0.10E+00
 
 
    >>Objective:      13.6853       0.0385      13.7238
    >>Coeff of variance:       0.0143
    5  0.1372382E+02  0.6090345E+00  0.1050558E+00  0.1831880E+01  0.2636514E-01
 
    >>Normalized Constraint Values:
    -0.94E-01     0.55E-02    -0.94E-01
    -0.39E+00     0.20E-01    -0.39E+00
    -0.12E+01     0.27E-01    -0.12E+01
    -0.19E+01     0.55E-02    -0.19E+01
    -0.16E+01     0.20E-01    -0.16E+01
    -0.82E+00     0.27E-01    -0.82E+00
     0.17E-01     0.65E-01     0.17E-01
     0.40E-01     0.24E-01     0.40E-01
 
 
    >>Objective:      13.9589       0.0464      14.0053
    >>Coeff of variance:       0.0154
    6  0.1400529E+02  0.7174210E+00  0.4040118E-01  0.3276795E+01  0.1778557E-01
 
    >>Normalized Constraint Values:
    -0.10E+00     0.53E-02    -0.10E+00
    -0.40E+00     0.20E-01    -0.40E+00
    -0.12E+01     0.28E-01    -0.12E+01
    -0.19E+01     0.53E-02    -0.19E+01
    -0.16E+01     0.20E-01    -0.16E+01
    -0.82E+00     0.28E-01    -0.82E+00
     0.11E-01     0.67E-01     0.11E-01
     0.25E-01     0.26E-01     0.25E-01
 
 
    >>Objective:      14.0255       0.0476      14.0731
    >>Coeff of variance:       0.0156
    7  0.1407314E+02  0.2468143E+00  0.2532177E-01  0.3281648E+01  0.2208218E-02
 
    >>Normalized Constraint Values:
    -0.16E+00     0.74E-02    -0.16E+00
    -0.41E+00     0.21E-01    -0.41E+00
    -0.12E+01     0.29E-01    -0.12E+01
    -0.18E+01     0.74E-02    -0.18E+01
    -0.16E+01     0.21E-01    -0.16E+01
    -0.81E+00     0.29E-01    -0.81E+00
    -0.61E-02     0.70E-01    -0.61E-02
     0.11E-01     0.28E-01     0.11E-01
 
 
    >>Objective:      14.2953       0.0541      14.3495
    >>Coeff of variance:       0.0163
    8  0.1434945E+02  0.3531401E+00  0.1151702E-01  0.3627813E+01  0.1819533E-02
 
    >>Normalized Constraint Values:
    -0.15E+00     0.68E-02    -0.15E+00
    -0.41E+00     0.20E-01    -0.41E+00
    -0.12E+01     0.27E-01    -0.12E+01
    -0.19E+01     0.68E-02    -0.19E+01
    -0.16E+01     0.20E-01    -0.16E+01
    -0.82E+00     0.27E-01    -0.82E+00
    -0.62E-03     0.68E-01    -0.62E-03
     0.96E-03     0.27E-01     0.96E-03
 
 
    >>Objective:      14.4876       0.0547      14.5424
    >>Coeff of variance:       0.0161
    9  0.1454236E+02  0.1830422E+00  0.9691902E-03  0.2636066E+01  0.3802955E-03
 
    >>Normalized Constraint Values:
    -0.15E+00     0.66E-02    -0.15E+00
    -0.41E+00     0.20E-01    -0.41E+00
    -0.12E+01     0.27E-01    -0.12E+01
    -0.19E+01     0.66E-02    -0.19E+01
    -0.16E+01     0.20E-01    -0.16E+01
    -0.82E+00     0.27E-01    -0.82E+00
    -0.72E-04     0.68E-01    -0.72E-04
     0.19E-03     0.27E-01     0.19E-03
 
 
    >>Objective:      14.5008       0.0547      14.5555
    >>Coeff of variance:       0.0161
   10  0.1455552E+02  0.2818532E-01  0.1911059E-03  0.3928881E+00  0.2191418E-04
 
    >>Normalized Constraint Values:
    -0.14E+00     0.66E-02    -0.14E+00
    -0.41E+00     0.20E-01    -0.41E+00
    -0.12E+01     0.27E-01    -0.12E+01
    -0.19E+01     0.66E-02    -0.19E+01
    -0.16E+01     0.20E-01    -0.16E+01
    -0.82E+00     0.27E-01    -0.82E+00
    -0.41E-05     0.68E-01    -0.41E-05
     0.15E-05     0.27E-01     0.15E-05
 
 
    >>Objective:      14.5048       0.0549      14.5597
    >>Coeff of variance:       0.0161
   11  0.1455969E+02  0.7218977E-02  0.9342751E-05  0.1544909E-01  0.4498839E-06
 
    >>Normalized Constraint Values:
    -0.14E+00     0.66E-02    -0.14E+00
    -0.41E+00     0.20E-01    -0.41E+00
    -0.12E+01     0.27E-01    -0.12E+01
    -0.19E+01     0.66E-02    -0.19E+01
    -0.16E+01     0.20E-01    -0.16E+01
    -0.82E+00     0.27E-01    -0.82E+00
     0.81E-05     0.68E-01     0.81E-05
    -0.55E-05     0.27E-01    -0.55E-05
 
 
    >>Objective:      14.5048       0.0547      14.5596
    >>Coeff of variance:       0.0161
   12  0.1455958E+02  0.9294905E-04  0.8070771E-05  0.9925580E-03  0.2053373E-07
 
 The solution was found.
 
 The final value of the objective function is    14.5595780398339     
 
 The optimal values of X are:
 
 X  (           1 ) =    5.00000000000000      in^2
 X  (           2 ) =    1.42419710456996      in^2
 X  (           3 ) =    2.33112641931672      in^2
 X  (           4 ) =    37.6407457606907      deg
 X  (           5 ) =    60.0000000000000      deg
 X  (           6 ) =    150.000000000000      deg
 
 The multipliers for the equality constraints are:
 
 LAM(           1 ) =   1.520337122364068E-007
 LAM(           2 ) =   5.281792615080973E-008
 LAM(           3 ) =   1.827416490483297E-008
 LAM(           4 ) =   1.164060040684329E-008
 LAM(           5 ) =   1.358126998442295E-008
 LAM(           6 ) =   2.640394019490077E-008
 LAM(           7 ) =    4.12561090094594     
 LAM(           8 ) =    24.0115742925911     
 
Weight, variance, SD, CV:      14.5048       0.0547       0.2340       0.0161
