 
    >>Normalized Constraint Values:
     0.12E+01     0.40E-01     0.12E+01
    -0.44E+00     0.17E-01    -0.42E+00
    -0.21E+01     0.21E-01    -0.20E+01
    -0.32E+01     0.40E-01    -0.32E+01
    -0.16E+01     0.17E-01    -0.15E+01
     0.60E-01     0.21E-01     0.82E-01
     0.13E+00     0.41E-01     0.17E+00
     0.23E+01     0.51E-01     0.23E+01
 
 
    >>Objective:       7.6597       0.0049       7.6646
    >>Coeff of variance:       0.0091
 
 iter    objective      ||grad||        inf_pr          inf_du         lg(mu)
    0  0.7664606E+01  0.0000000E+00  0.2313542E+01  0.1262054E+01  0.1000000E+01
 
    >>Normalized Constraint Values:
     0.66E+00     0.22E-01     0.68E+00
    -0.41E+00     0.19E-01    -0.39E+00
    -0.18E+01     0.19E-01    -0.18E+01
    -0.27E+01     0.22E-01    -0.26E+01
    -0.16E+01     0.19E-01    -0.16E+01
    -0.17E+00     0.19E-01    -0.15E+00
    -0.10E+00     0.40E-01    -0.60E-01
     0.14E+01     0.31E-01     0.15E+01
 
 
    >>Objective:       9.3234       0.0198       9.3432
    >>Coeff of variance:       0.0151
    1  0.9343247E+01  0.1547712E+01  0.1634848E+01  0.1045229E+02  0.3458632E+00
 
    >>Normalized Constraint Values:
     0.31E+00     0.88E-02     0.32E+00
    -0.29E+00     0.11E-01    -0.28E+00
    -0.15E+01     0.31E-01    -0.15E+01
    -0.23E+01     0.88E-02    -0.23E+01
    -0.17E+01     0.11E-01    -0.17E+01
    -0.51E+00     0.31E-01    -0.47E+00
    -0.88E-01     0.45E-01    -0.43E-01
     0.70E+00     0.35E-01     0.73E+00
 
 
    >>Objective:       9.5851       0.0140       9.5991
    >>Coeff of variance:       0.0124
    2  0.9599072E+01  0.1003981E+01  0.8288251E+00  0.5893057E+01  0.4040342E+00
 
    >>Normalized Constraint Values:
    -0.16E-01     0.15E-01    -0.87E-03
    -0.30E+00     0.17E-01    -0.29E+00
    -0.13E+01     0.20E-01    -0.13E+01
    -0.20E+01     0.15E-01    -0.20E+01
    -0.17E+01     0.17E-01    -0.17E+01
    -0.67E+00     0.20E-01    -0.65E+00
     0.16E-01     0.41E-01     0.57E-01
     0.47E+00     0.26E-01     0.50E+00
 
 
    >>Objective:      12.2623       0.0366      12.2989
    >>Coeff of variance:       0.0156
    3  0.1229888E+02  0.9416558E+00  0.5011775E+00  0.2101554E+02  0.4530445E+00
 
    >>Normalized Constraint Values:
    -0.11E+00     0.86E-02    -0.10E+00
    -0.45E+00     0.13E-01    -0.43E+00
    -0.13E+01     0.25E-01    -0.13E+01
    -0.19E+01     0.86E-02    -0.19E+01
    -0.16E+01     0.13E-01    -0.15E+01
    -0.72E+00     0.25E-01    -0.70E+00
    -0.21E+00     0.44E-01    -0.16E+00
     0.18E+00     0.23E-01     0.20E+00
 
 
    >>Objective:      13.1652       0.0315      13.1967
    >>Coeff of variance:       0.0135
    4  0.1319673E+02  0.1009555E+01  0.2264207E+00  0.2600885E+01  0.2908077E+00
 
    >>Normalized Constraint Values:
    -0.17E+00     0.74E-02    -0.16E+00
    -0.46E+00     0.15E-01    -0.44E+00
    -0.12E+01     0.24E-01    -0.12E+01
    -0.18E+01     0.74E-02    -0.18E+01
    -0.15E+01     0.15E-01    -0.15E+01
    -0.78E+00     0.24E-01    -0.76E+00
    -0.15E+00     0.50E-01    -0.10E+00
     0.49E-01     0.22E-01     0.71E-01
 
 
    >>Objective:      14.4459       0.0449      14.4907
    >>Coeff of variance:       0.0147
    5  0.1449074E+02  0.7414144E+00  0.7120239E-01  0.2612028E+01  0.6600704E-01
 
    >>Normalized Constraint Values:
    -0.14E+00     0.65E-02    -0.13E+00
    -0.41E+00     0.18E-01    -0.40E+00
    -0.12E+01     0.25E-01    -0.12E+01
    -0.19E+01     0.64E-02    -0.19E+01
    -0.16E+01     0.18E-01    -0.16E+01
    -0.82E+00     0.25E-01    -0.79E+00
    -0.27E-01     0.60E-01     0.33E-01
     0.19E-01     0.23E-01     0.42E-01
 
 
    >>Objective:      14.4539       0.0497      14.5035
    >>Coeff of variance:       0.0154
    6  0.1450354E+02  0.9235711E+00  0.4213696E-01  0.2100558E+01  0.1354364E-01
 
    >>Normalized Constraint Values:
    -0.16E+00     0.68E-02    -0.15E+00
    -0.43E+00     0.18E-01    -0.41E+00
    -0.12E+01     0.25E-01    -0.12E+01
    -0.18E+01     0.68E-02    -0.18E+01
    -0.16E+01     0.18E-01    -0.16E+01
    -0.82E+00     0.25E-01    -0.79E+00
    -0.46E-01     0.60E-01     0.13E-01
     0.14E-02     0.23E-01     0.24E-01
 
 
    >>Objective:      14.7431       0.0530      14.7961
    >>Coeff of variance:       0.0156
    7  0.1479613E+02  0.2087868E+00  0.2481848E-01  0.6068764E+01  0.1005787E-01
 
    >>Normalized Constraint Values:
    -0.19E+00     0.75E-02    -0.18E+00
    -0.44E+00     0.18E-01    -0.42E+00
    -0.12E+01     0.24E-01    -0.12E+01
    -0.18E+01     0.75E-02    -0.18E+01
    -0.16E+01     0.18E-01    -0.15E+01
    -0.82E+00     0.24E-01    -0.79E+00
    -0.61E-01     0.58E-01    -0.30E-02
    -0.18E-01     0.23E-01     0.51E-02
 
 
    >>Objective:      15.2169       0.0589      15.2757
    >>Coeff of variance:       0.0159
    8  0.1527573E+02  0.1971013E+00  0.5225030E-02  0.1526294E+01  0.7710009E-03
 
    >>Normalized Constraint Values:
    -0.18E+00     0.72E-02    -0.18E+00
    -0.44E+00     0.18E-01    -0.42E+00
    -0.12E+01     0.24E-01    -0.12E+01
    -0.18E+01     0.72E-02    -0.18E+01
    -0.16E+01     0.18E-01    -0.15E+01
    -0.81E+00     0.24E-01    -0.79E+00
    -0.59E-01     0.59E-01     0.10E-03
    -0.24E-01     0.23E-01    -0.32E-03
 
 
    >>Objective:      15.3149       0.0603      15.3752
    >>Coeff of variance:       0.0160
    9  0.1537523E+02  0.6733591E-01  0.3924625E-03  0.1150997E+01  0.1542420E-03
 
    >>Normalized Constraint Values:
    -0.18E+00     0.71E-02    -0.18E+00
    -0.44E+00     0.18E-01    -0.42E+00
    -0.12E+01     0.24E-01    -0.12E+01
    -0.18E+01     0.72E-02    -0.18E+01
    -0.16E+01     0.18E-01    -0.15E+01
    -0.81E+00     0.24E-01    -0.79E+00
    -0.60E-01     0.58E-01    -0.15E-02
    -0.23E-01     0.23E-01    -0.36E-03
 
 
    >>Objective:      15.3179       0.0595      15.3775
    >>Coeff of variance:       0.0159
   10  0.1537745E+02  0.2300769E-01  0.4183319E-03  0.2381818E+00  0.3715972E-02
 
    >>Normalized Constraint Values:
    -0.18E+00     0.70E-02    -0.17E+00
    -0.44E+00     0.18E-01    -0.42E+00
    -0.12E+01     0.23E-01    -0.12E+01
    -0.18E+01     0.70E-02    -0.18E+01
    -0.16E+01     0.18E-01    -0.15E+01
    -0.82E+00     0.24E-01    -0.79E+00
    -0.58E-01     0.58E-01     0.25E-03
    -0.23E-01     0.23E-01    -0.19E-03
 
 
    >>Objective:      15.2973       0.0592      15.3565
    >>Coeff of variance:       0.0159
   11  0.1535647E+02  0.2154680E-01  0.3383436E-03  0.2527971E-01  0.1024160E-03
 
    >>Normalized Constraint Values:
    -0.18E+00     0.70E-02    -0.17E+00
    -0.44E+00     0.18E-01    -0.42E+00
    -0.12E+01     0.24E-01    -0.12E+01
    -0.18E+01     0.70E-02    -0.18E+01
    -0.16E+01     0.18E-01    -0.15E+01
    -0.82E+00     0.23E-01    -0.79E+00
    -0.58E-01     0.58E-01    -0.11E-03
    -0.23E-01     0.23E-01     0.59E-04
 
 
    >>Objective:      15.2928       0.0588      15.3516
    >>Coeff of variance:       0.0159
   12  0.1535160E+02  0.3217134E-02  0.1049403E-03  0.1701916E-01  0.2755279E-05
 
    >>Normalized Constraint Values:
    -0.18E+00     0.70E-02    -0.17E+00
    -0.44E+00     0.18E-01    -0.42E+00
    -0.12E+01     0.24E-01    -0.12E+01
    -0.18E+01     0.70E-02    -0.18E+01
    -0.16E+01     0.18E-01    -0.15E+01
    -0.82E+00     0.24E-01    -0.79E+00
    -0.58E-01     0.58E-01     0.12E-03
    -0.23E-01     0.23E-01     0.22E-04
 
 
    >>Objective:      15.2939       0.0595      15.3534
    >>Coeff of variance:       0.0159
   13  0.1535337E+02  0.3708162E-03  0.1203698E-03  0.2811079E-02  0.5900236E-07
 
    >>Normalized Constraint Values:
    -0.18E+00     0.70E-02    -0.17E+00
    -0.44E+00     0.18E-01    -0.42E+00
    -0.12E+01     0.24E-01    -0.12E+01
    -0.18E+01     0.70E-02    -0.18E+01
    -0.16E+01     0.18E-01    -0.15E+01
    -0.82E+00     0.24E-01    -0.79E+00
    -0.58E-01     0.58E-01    -0.11E-03
    -0.23E-01     0.23E-01    -0.16E-04
 
 
    >>Objective:      15.2948       0.0592      15.3541
    >>Coeff of variance:       0.0159
 
    >>Normalized Constraint Values:
    -0.18E+00     0.70E-02    -0.17E+00
    -0.44E+00     0.18E-01    -0.42E+00
    -0.12E+01     0.24E-01    -0.12E+01
    -0.18E+01     0.70E-02    -0.18E+01
    -0.16E+01     0.18E-01    -0.15E+01
    -0.82E+00     0.23E-01    -0.79E+00
    -0.58E-01     0.58E-01     0.10E-03
    -0.23E-01     0.23E-01    -0.53E-06
 
 
    >>Objective:      15.2941       0.0590      15.3531
    >>Coeff of variance:       0.0159
   14  0.1535311E+02  0.7014159E-03  0.1018170E-03  0.1640567E-01  0.7836801E-09
 
    >>Normalized Constraint Values:
    -0.18E+00     0.70E-02    -0.17E+00
    -0.44E+00     0.18E-01    -0.42E+00
    -0.12E+01     0.24E-01    -0.12E+01
    -0.18E+01     0.70E-02    -0.18E+01
    -0.16E+01     0.18E-01    -0.15E+01
    -0.82E+00     0.23E-01    -0.79E+00
    -0.58E-01     0.58E-01    -0.16E-04
    -0.23E-01     0.23E-01    -0.18E-04
 
 
    >>Objective:      15.2945       0.0592      15.3537
    >>Coeff of variance:       0.0159
   15  0.1535367E+02  0.2280667E-02  0.3982887E-04  0.3276990E-01  0.2612247E-10
 
    >>Normalized Constraint Values:
    -0.18E+00     0.70E-02    -0.17E+00
    -0.44E+00     0.18E-01    -0.42E+00
    -0.12E+01     0.24E-01    -0.12E+01
    -0.18E+01     0.70E-02    -0.18E+01
    -0.16E+01     0.18E-01    -0.15E+01
    -0.82E+00     0.24E-01    -0.79E+00
    -0.58E-01     0.58E-01    -0.35E-04
    -0.23E-01     0.23E-01    -0.53E-04
 
 
    >>Objective:      15.2939       0.0592      15.3531
    >>Coeff of variance:       0.0159
   16  0.1535306E+02  0.2057428E-02  0.7234348E-04  0.3314506E-02  0.1000000E-10
 
    >>Normalized Constraint Values:
    -0.18E+00     0.70E-02    -0.17E+00
    -0.44E+00     0.18E-01    -0.42E+00
    -0.12E+01     0.24E-01    -0.12E+01
    -0.18E+01     0.70E-02    -0.18E+01
    -0.16E+01     0.18E-01    -0.15E+01
    -0.82E+00     0.24E-01    -0.79E+00
    -0.58E-01     0.58E-01     0.60E-04
    -0.23E-01     0.23E-01     0.25E-04
 
 
    >>Objective:      15.2924       0.0588      15.3512
    >>Coeff of variance:       0.0159
   17  0.1535125E+02  0.7202019E-03  0.5981168E-04  0.1188800E-01  0.1000000E-10
 
 The solution was found.
 
 The final value of the objective function is    15.3512497489187     
 
 The optimal values of X are:
 
 X  (           1 ) =    5.00000000000000      in^2
 X  (           2 ) =    1.64673533435250      in^2
 X  (           3 ) =    2.62561402464512      in^2
 X  (           4 ) =    37.4774201949629      deg
 X  (           5 ) =    60.0000000000000      deg
 X  (           6 ) =    149.426453781432      deg
 
 The multipliers for the equality constraints are:
 
 LAM(           1 ) =   5.764426772739158E-011
 LAM(           2 ) =   2.391839294763885E-011
 LAM(           3 ) =   8.616036259682241E-012
 LAM(           4 ) =   5.517260562710903E-012
 LAM(           5 ) =   6.465044907041959E-012
 LAM(           6 ) =   1.262048225590191E-011
 LAM(           7 ) =    3.34851252014422     
 LAM(           8 ) =    25.2982045819221     
 
Weight, variance, SD, CV:      15.2924       0.0588       0.2426       0.0159
