 
    >>Normalized Constraint Values:
     0.12E+01     0.40E-01     0.13E+01
    -0.44E+00     0.17E-01    -0.37E+00
    -0.21E+01     0.21E-01    -0.20E+01
    -0.32E+01     0.40E-01    -0.30E+01
    -0.16E+01     0.17E-01    -0.15E+01
     0.60E-01     0.21E-01     0.15E+00
     0.13E+00     0.41E-01     0.29E+00
     0.23E+01     0.51E-01     0.25E+01
 
 
    >>Objective:       7.6597       0.0049       7.6647
    >>Coeff of variance:       0.0092
 
 iter    objective      ||grad||        inf_pr          inf_du         lg(mu)
    0  0.7664661E+01  0.0000000E+00  0.2466450E+01  0.1145219E+01  0.1000000E+01
 
    >>Normalized Constraint Values:
     0.66E+00     0.23E-01     0.75E+00
    -0.40E+00     0.19E-01    -0.33E+00
    -0.18E+01     0.19E-01    -0.18E+01
    -0.27E+01     0.23E-01    -0.26E+01
    -0.16E+01     0.19E-01    -0.15E+01
    -0.15E+00     0.19E-01    -0.76E-01
    -0.11E+00     0.40E-01     0.51E-01
     0.15E+01     0.31E-01     0.16E+01
 
 
    >>Objective:       9.2344       0.0192       9.2535
    >>Coeff of variance:       0.0150
    1  0.9253545E+01  0.1473246E+01  0.1734553E+01  0.1011548E+02  0.2962522E+00
 
    >>Normalized Constraint Values:
     0.27E+00     0.12E-01     0.32E+00
    -0.23E+00     0.15E-01    -0.17E+00
    -0.14E+01     0.29E-01    -0.13E+01
    -0.23E+01     0.12E-01    -0.22E+01
    -0.18E+01     0.15E-01    -0.17E+01
    -0.61E+00     0.29E-01    -0.49E+00
     0.12E+00     0.53E-01     0.33E+00
     0.62E+00     0.30E-01     0.74E+00
 
 
    >>Objective:       9.8366       0.0169       9.8536
    >>Coeff of variance:       0.0132
    2  0.9853550E+01  0.9264940E+00  0.7817143E+00  0.6153339E+01  0.3431150E+00
 
    >>Normalized Constraint Values:
    -0.11E+00     0.13E-01    -0.56E-01
    -0.35E+00     0.19E-01    -0.27E+00
    -0.13E+01     0.17E-01    -0.12E+01
    -0.19E+01     0.13E-01    -0.18E+01
    -0.17E+01     0.19E-01    -0.16E+01
    -0.70E+00     0.17E-01    -0.63E+00
    -0.68E-02     0.44E-01     0.17E+00
     0.30E+00     0.21E-01     0.38E+00
 
 
    >>Objective:      14.0087       0.0555      14.0642
    >>Coeff of variance:       0.0168
    3  0.1406416E+02  0.1720852E+01  0.3812743E+00  0.2561199E+02  0.5867095E+00
 
    >>Normalized Constraint Values:
    -0.16E+00     0.76E-02    -0.13E+00
    -0.53E+00     0.12E-01    -0.48E+00
    -0.13E+01     0.23E-01    -0.12E+01
    -0.18E+01     0.76E-02    -0.18E+01
    -0.15E+01     0.12E-01    -0.14E+01
    -0.67E+00     0.23E-01    -0.58E+00
    -0.38E+00     0.36E-01    -0.24E+00
     0.15E+00     0.22E-01     0.24E+00
 
 
    >>Objective:      14.1371       0.0342      14.1713
    >>Coeff of variance:       0.0131
    4  0.1417134E+02  0.1373577E+01  0.2764980E+00  0.7286407E+01  0.9734483E+00
 
    >>Normalized Constraint Values:
    -0.19E+00     0.79E-02    -0.16E+00
    -0.44E+00     0.16E-01    -0.38E+00
    -0.12E+01     0.21E-01    -0.11E+01
    -0.18E+01     0.79E-02    -0.18E+01
    -0.16E+01     0.16E-01    -0.15E+01
    -0.80E+00     0.21E-01    -0.72E+00
    -0.12E+00     0.46E-01     0.64E-01
     0.34E-01     0.19E-01     0.11E+00
 
 
    >>Objective:      15.1403       0.0520      15.1924
    >>Coeff of variance:       0.0151
    5  0.1519236E+02  0.4766948E+00  0.1094519E+00  0.4741361E+01  0.2139751E+00
 
    >>Normalized Constraint Values:
    -0.21E+00     0.75E-02    -0.18E+00
    -0.47E+00     0.15E-01    -0.41E+00
    -0.12E+01     0.21E-01    -0.11E+01
    -0.18E+01     0.75E-02    -0.18E+01
    -0.15E+01     0.15E-01    -0.15E+01
    -0.80E+00     0.21E-01    -0.72E+00
    -0.15E+00     0.47E-01     0.35E-01
    -0.15E-01     0.20E-01     0.63E-01
 
 
    >>Objective:      15.7400       0.0574      15.7973
    >>Coeff of variance:       0.0152
    6  0.1579732E+02  0.2395421E+00  0.6517424E-01  0.1603380E+02  0.9894216E-01
 
    >>Normalized Constraint Values:
    -0.26E+00     0.80E-02    -0.23E+00
    -0.50E+00     0.13E-01    -0.44E+00
    -0.12E+01     0.19E-01    -0.11E+01
    -0.17E+01     0.80E-02    -0.17E+01
    -0.15E+01     0.13E-01    -0.15E+01
    -0.80E+00     0.19E-01    -0.73E+00
    -0.19E+00     0.44E-01    -0.18E-01
    -0.67E-01     0.19E-01     0.97E-02
 
 
    >>Objective:      16.8770       0.0678      16.9448
    >>Coeff of variance:       0.0154
    7  0.1694481E+02  0.4211487E+00  0.1616192E-01  0.3481677E+01  0.1792712E-01
 
    >>Normalized Constraint Values:
    -0.26E+00     0.77E-02    -0.22E+00
    -0.49E+00     0.13E-01    -0.44E+00
    -0.12E+01     0.18E-01    -0.11E+01
    -0.17E+01     0.77E-02    -0.17E+01
    -0.15E+01     0.13E-01    -0.15E+01
    -0.82E+00     0.18E-01    -0.75E+00
    -0.18E+00     0.42E-01    -0.12E-01
    -0.76E-01     0.18E-01    -0.52E-02
 
 
    >>Objective:      17.1176       0.0682      17.1858
    >>Coeff of variance:       0.0153
    8  0.1718584E+02  0.2629913E+00  0.5908106E-02  0.1816928E+01  0.4671774E-01
 
    >>Normalized Constraint Values:
    -0.24E+00     0.74E-02    -0.21E+00
    -0.49E+00     0.13E-01    -0.43E+00
    -0.12E+01     0.18E-01    -0.11E+01
    -0.18E+01     0.74E-02    -0.17E+01
    -0.15E+01     0.13E-01    -0.15E+01
    -0.82E+00     0.18E-01    -0.75E+00
    -0.17E+00     0.43E-01     0.40E-02
    -0.71E-01     0.18E-01     0.16E-03
 
 
    >>Objective:      16.9146       0.0660      16.9805
    >>Coeff of variance:       0.0152
    9  0.1698053E+02  0.9137008E-01  0.5266758E-02  0.4590619E+00  0.2558188E-02
 
    >>Normalized Constraint Values:
    -0.24E+00     0.74E-02    -0.21E+00
    -0.49E+00     0.13E-01    -0.44E+00
    -0.12E+01     0.18E-01    -0.11E+01
    -0.18E+01     0.74E-02    -0.17E+01
    -0.15E+01     0.13E-01    -0.15E+01
    -0.82E+00     0.18E-01    -0.74E+00
    -0.17E+00     0.43E-01    -0.56E-04
    -0.71E-01     0.18E-01     0.22E-04
 
 
    >>Objective:      16.9115       0.0657      16.9772
    >>Coeff of variance:       0.0152
   10  0.1697720E+02  0.7127395E-02  0.1370917E-03  0.2239320E+00  0.1032286E-03
 
    >>Normalized Constraint Values:
    -0.24E+00     0.74E-02    -0.21E+00
    -0.49E+00     0.13E-01    -0.44E+00
    -0.12E+01     0.18E-01    -0.11E+01
    -0.18E+01     0.74E-02    -0.17E+01
    -0.15E+01     0.13E-01    -0.15E+01
    -0.82E+00     0.18E-01    -0.74E+00
    -0.17E+00     0.43E-01    -0.25E-03
    -0.71E-01     0.18E-01     0.54E-04
 
 
    >>Objective:      16.9118       0.0655      16.9773
    >>Coeff of variance:       0.0151
   11  0.1697731E+02  0.2419358E-02  0.2470279E-03  0.3345150E-01  0.1323944E-05
 
    >>Normalized Constraint Values:
    -0.24E+00     0.74E-02    -0.21E+00
    -0.49E+00     0.13E-01    -0.44E+00
    -0.12E+01     0.18E-01    -0.11E+01
    -0.18E+01     0.74E-02    -0.17E+01
    -0.15E+01     0.13E-01    -0.15E+01
    -0.82E+00     0.18E-01    -0.74E+00
    -0.17E+00     0.43E-01     0.42E-03
    -0.71E-01     0.18E-01    -0.35E-03
 
 
    >>Objective:      16.9130       0.0658      16.9788
    >>Coeff of variance:       0.0152
 
    >>Normalized Constraint Values:
    -0.24E+00     0.74E-02    -0.21E+00
    -0.49E+00     0.13E-01    -0.44E+00
    -0.12E+01     0.18E-01    -0.11E+01
    -0.18E+01     0.74E-02    -0.17E+01
    -0.15E+01     0.13E-01    -0.15E+01
    -0.82E+00     0.18E-01    -0.74E+00
    -0.17E+00     0.43E-01     0.60E-04
    -0.71E-01     0.18E-01     0.18E-03
 
 
    >>Objective:      16.9037       0.0655      16.9691
    >>Coeff of variance:       0.0151
   12  0.1696915E+02  0.2391575E-02  0.2030593E-03  0.1070365E+00  0.4244928E-07
 
    >>Normalized Constraint Values:
    -0.24E+00     0.74E-02    -0.21E+00
    -0.49E+00     0.13E-01    -0.44E+00
    -0.12E+01     0.18E-01    -0.11E+01
    -0.18E+01     0.74E-02    -0.17E+01
    -0.15E+01     0.13E-01    -0.15E+01
    -0.82E+00     0.18E-01    -0.74E+00
    -0.17E+00     0.43E-01     0.27E-04
    -0.71E-01     0.18E-01     0.12E-04
 
 
    >>Objective:      16.9089       0.0658      16.9747
    >>Coeff of variance:       0.0152
   13  0.1697469E+02  0.2449017E-02  0.2710016E-03  0.1764341E-01  0.5596404E-09
 
    >>Normalized Constraint Values:
    -0.24E+00     0.74E-02    -0.21E+00
    -0.49E+00     0.13E-01    -0.44E+00
    -0.12E+01     0.18E-01    -0.11E+01
    -0.18E+01     0.74E-02    -0.17E+01
    -0.15E+01     0.13E-01    -0.15E+01
    -0.82E+00     0.18E-01    -0.74E+00
    -0.17E+00     0.43E-01     0.65E-04
    -0.71E-01     0.18E-01     0.18E-03
 
 
    >>Objective:      16.9093       0.0658      16.9751
    >>Coeff of variance:       0.0152
 
    >>Normalized Constraint Values:
    -0.24E+00     0.74E-02    -0.21E+00
    -0.49E+00     0.13E-01    -0.44E+00
    -0.12E+01     0.18E-01    -0.11E+01
    -0.18E+01     0.74E-02    -0.17E+01
    -0.15E+01     0.13E-01    -0.15E+01
    -0.82E+00     0.18E-01    -0.74E+00
    -0.17E+00     0.43E-01    -0.13E-03
    -0.71E-01     0.18E-01    -0.37E-03
 
 
    >>Objective:      16.9145       0.0659      16.9804
    >>Coeff of variance:       0.0152
 
    >>Normalized Constraint Values:
    -0.24E+00     0.74E-02    -0.21E+00
    -0.49E+00     0.13E-01    -0.44E+00
    -0.12E+01     0.18E-01    -0.11E+01
    -0.18E+01     0.74E-02    -0.17E+01
    -0.15E+01     0.13E-01    -0.15E+01
    -0.82E+00     0.18E-01    -0.74E+00
    -0.17E+00     0.43E-01     0.18E-03
    -0.71E-01     0.18E-01    -0.20E-05
 
 
    >>Objective:      16.9091       0.0658      16.9749
    >>Coeff of variance:       0.0152
 
    >>Normalized Constraint Values:
    -0.24E+00     0.74E-02    -0.21E+00
    -0.49E+00     0.13E-01    -0.44E+00
    -0.12E+01     0.18E-01    -0.11E+01
    -0.18E+01     0.74E-02    -0.17E+01
    -0.15E+01     0.13E-01    -0.15E+01
    -0.82E+00     0.18E-01    -0.74E+00
    -0.17E+00     0.43E-01    -0.27E-03
    -0.71E-01     0.18E-01     0.14E-03
 
 
    >>Objective:      16.9090       0.0660      16.9750
    >>Coeff of variance:       0.0152
 
    >>Normalized Constraint Values:
    -0.24E+00     0.74E-02    -0.21E+00
    -0.49E+00     0.13E-01    -0.44E+00
    -0.12E+01     0.18E-01    -0.11E+01
    -0.18E+01     0.74E-02    -0.17E+01
    -0.15E+01     0.13E-01    -0.15E+01
    -0.82E+00     0.18E-01    -0.74E+00
    -0.17E+00     0.43E-01    -0.98E-04
    -0.71E-01     0.18E-01     0.32E-04
 
 
    >>Objective:      16.9090       0.0659      16.9749
    >>Coeff of variance:       0.0152
   14  0.1697485E+02  0.3910993E-03  0.9776225E-04  0.5165683E-01  0.1000000E-10
 
 The solution was found.
 
 The final value of the objective function is    16.9748524535543     
 
 The optimal values of X are:
 
 X  (           1 ) =    5.00000000000000      in^2
 X  (           2 ) =    2.11368310742571      in^2
 X  (           3 ) =    3.33101414802348      in^2
 X  (           4 ) =    37.5935961533179      deg
 X  (           5 ) =    60.0000000000000      deg
 X  (           6 ) =    147.854426754227      deg
 
 The multipliers for the equality constraints are:
 
 LAM(           1 ) =   1.973375875382803E-009
 LAM(           2 ) =   1.123221323678773E-009
 LAM(           3 ) =   4.448192893332391E-010
 LAM(           4 ) =   2.894033118385853E-010
 LAM(           5 ) =   3.384262756373228E-010
 LAM(           6 ) =   6.671768058529666E-010
 LAM(           7 ) =    1.37578520692224     
 LAM(           8 ) =    28.5552843302253     
 
Weight, variance, SD, CV:      16.9090       0.0659       0.2567       0.0152
