 
    >>Normalized Constraint Values:
     0.12E+01     0.40E-01     0.13E+01
    -0.44E+00     0.17E-01    -0.40E+00
    -0.21E+01     0.21E-01    -0.20E+01
    -0.32E+01     0.40E-01    -0.31E+01
    -0.16E+01     0.17E-01    -0.15E+01
     0.60E-01     0.21E-01     0.10E+00
     0.13E+00     0.41E-01     0.21E+00
     0.23E+01     0.51E-01     0.24E+01
 
 
    >>Objective:       7.6597       0.0049       7.6647
    >>Coeff of variance:       0.0091
 
 iter    objective      ||grad||        inf_pr          inf_du         lg(mu)
    0  0.7664653E+01  0.0000000E+00  0.2364768E+01  0.1186620E+01  0.1000000E+01
 
    >>Normalized Constraint Values:
     0.67E+00     0.23E-01     0.72E+00
    -0.41E+00     0.19E-01    -0.37E+00
    -0.18E+01     0.19E-01    -0.18E+01
    -0.27E+01     0.23E-01    -0.26E+01
    -0.16E+01     0.19E-01    -0.16E+01
    -0.15E+00     0.19E-01    -0.11E+00
    -0.10E+00     0.40E-01    -0.19E-01
     0.15E+01     0.31E-01     0.15E+01
 
 
    >>Objective:       9.2528       0.0194       9.2722
    >>Coeff of variance:       0.0151
    1  0.9272202E+01  0.1506161E+01  0.1680318E+01  0.1038446E+02  0.3139360E+00
 
    >>Normalized Constraint Values:
     0.30E+00     0.10E-01     0.32E+00
    -0.26E+00     0.13E-01    -0.24E+00
    -0.15E+01     0.30E-01    -0.14E+01
    -0.23E+01     0.10E-01    -0.23E+01
    -0.17E+01     0.13E-01    -0.17E+01
    -0.55E+00     0.30E-01    -0.49E+00
    -0.56E-03     0.49E-01     0.98E-01
     0.67E+00     0.33E-01     0.73E+00
 
 
    >>Objective:       9.6551       0.0150       9.6701
    >>Coeff of variance:       0.0127
    2  0.9670096E+01  0.9584121E+00  0.8072952E+00  0.5726948E+01  0.3769414E+00
 
    >>Normalized Constraint Values:
     0.25E-01     0.14E-01     0.53E-01
    -0.30E+00     0.17E-01    -0.27E+00
    -0.13E+01     0.22E-01    -0.13E+01
    -0.20E+01     0.14E-01    -0.20E+01
    -0.17E+01     0.17E-01    -0.17E+01
    -0.66E+00     0.22E-01    -0.62E+00
     0.18E-01     0.44E-01     0.11E+00
     0.46E+00     0.25E-01     0.51E+00
 
 
    >>Objective:      11.8207       0.0302      11.8509
    >>Coeff of variance:       0.0147
    3  0.1185091E+02  0.1031298E+01  0.5096760E+00  0.1653938E+02  0.4175035E+00
 
    >>Normalized Constraint Values:
    -0.16E+00     0.67E-02    -0.15E+00
    -0.51E+00     0.11E-01    -0.49E+00
    -0.13E+01     0.26E-01    -0.13E+01
    -0.18E+01     0.67E-02    -0.18E+01
    -0.15E+01     0.11E-01    -0.15E+01
    -0.70E+00     0.26E-01    -0.64E+00
    -0.35E+00     0.42E-01    -0.27E+00
     0.12E+00     0.25E-01     0.17E+00
 
 
    >>Objective:      13.8617       0.0320      13.8938
    >>Coeff of variance:       0.0129
    4  0.1389377E+02  0.1377159E+01  0.1844333E+00  0.9455283E+01  0.2186969E+00
 
    >>Normalized Constraint Values:
    -0.15E+00     0.68E-02    -0.13E+00
    -0.42E+00     0.18E-01    -0.38E+00
    -0.12E+01     0.24E-01    -0.11E+01
    -0.19E+01     0.68E-02    -0.18E+01
    -0.16E+01     0.18E-01    -0.15E+01
    -0.83E+00     0.24E-01    -0.78E+00
    -0.34E-01     0.56E-01     0.77E-01
     0.21E-01     0.21E-01     0.63E-01
 
 
    >>Objective:      14.6019       0.0497      14.6516
    >>Coeff of variance:       0.0153
    5  0.1465160E+02  0.6758751E+00  0.8007084E-01  0.3368538E+01  0.6443493E-01
 
    >>Normalized Constraint Values:
    -0.18E+00     0.69E-02    -0.17E+00
    -0.45E+00     0.16E-01    -0.42E+00
    -0.12E+01     0.23E-01    -0.12E+01
    -0.18E+01     0.69E-02    -0.18E+01
    -0.15E+01     0.16E-01    -0.15E+01
    -0.80E+00     0.23E-01    -0.75E+00
    -0.12E+00     0.52E-01    -0.19E-01
     0.86E-03     0.21E-01     0.43E-01
 
 
    >>Objective:      15.0499       0.0515      15.1014
    >>Coeff of variance:       0.0151
    6  0.1510144E+02  0.5598699E+00  0.4775471E-01  0.8236140E+01  0.5944074E-01
 
    >>Normalized Constraint Values:
    -0.21E+00     0.76E-02    -0.20E+00
    -0.46E+00     0.16E-01    -0.43E+00
    -0.12E+01     0.22E-01    -0.11E+01
    -0.18E+01     0.76E-02    -0.18E+01
    -0.15E+01     0.16E-01    -0.15E+01
    -0.81E+00     0.22E-01    -0.77E+00
    -0.11E+00     0.52E-01    -0.61E-02
    -0.37E-01     0.21E-01     0.53E-02
 
 
    >>Objective:      15.8517       0.0624      15.9141
    >>Coeff of variance:       0.0158
    7  0.1591408E+02  0.1714148E+00  0.5481983E-02  0.2406997E+01  0.4698366E-02
 
    >>Normalized Constraint Values:
    -0.22E+00     0.76E-02    -0.20E+00
    -0.46E+00     0.16E-01    -0.43E+00
    -0.12E+01     0.21E-01    -0.11E+01
    -0.18E+01     0.76E-02    -0.18E+01
    -0.15E+01     0.16E-01    -0.15E+01
    -0.81E+00     0.21E-01    -0.77E+00
    -0.11E+00     0.52E-01    -0.14E-02
    -0.42E-01     0.21E-01    -0.58E-03
 
 
    >>Objective:      15.9686       0.0632      16.0318
    >>Coeff of variance:       0.0157
    8  0.1603178E+02  0.4556612E-01  0.1008036E-02  0.3804110E+00  0.8832787E-03
 
    >>Normalized Constraint Values:
    -0.21E+00     0.74E-02    -0.20E+00
    -0.46E+00     0.16E-01    -0.42E+00
    -0.12E+01     0.21E-01    -0.11E+01
    -0.18E+01     0.74E-02    -0.18E+01
    -0.15E+01     0.16E-01    -0.15E+01
    -0.82E+00     0.21E-01    -0.77E+00
    -0.10E+00     0.51E-01     0.40E-03
    -0.41E-01     0.20E-01    -0.78E-03
 
 
    >>Objective:      15.9351       0.0618      15.9969
    >>Coeff of variance:       0.0156
    9  0.1599691E+02  0.5944612E-01  0.7764944E-03  0.7945530E+00  0.1189040E-03
 
    >>Normalized Constraint Values:
    -0.21E+00     0.72E-02    -0.19E+00
    -0.46E+00     0.16E-01    -0.42E+00
    -0.12E+01     0.21E-01    -0.11E+01
    -0.18E+01     0.72E-02    -0.18E+01
    -0.15E+01     0.16E-01    -0.15E+01
    -0.82E+00     0.21E-01    -0.78E+00
    -0.10E+00     0.51E-01     0.10E-03
    -0.41E-01     0.20E-01    -0.45E-03
 
 
    >>Objective:      15.9131       0.0615      15.9746
    >>Coeff of variance:       0.0156
   10  0.1597457E+02  0.3102382E-01  0.4525336E-03  0.1657127E+00  0.3748879E-05
 
    >>Normalized Constraint Values:
    -0.21E+00     0.72E-02    -0.19E+00
    -0.46E+00     0.16E-01    -0.42E+00
    -0.12E+01     0.21E-01    -0.11E+01
    -0.18E+01     0.72E-02    -0.18E+01
    -0.15E+01     0.16E-01    -0.15E+01
    -0.82E+00     0.21E-01    -0.77E+00
    -0.10E+00     0.51E-01     0.56E-03
    -0.40E-01     0.20E-01     0.39E-04
 
 
    >>Objective:      15.9012       0.0613      15.9626
    >>Coeff of variance:       0.0156
   11  0.1596255E+02  0.4385159E-02  0.5559923E-03  0.3649738E-01  0.1515223E-06
 
    >>Normalized Constraint Values:
    -0.21E+00     0.72E-02    -0.19E+00
    -0.46E+00     0.16E-01    -0.42E+00
    -0.12E+01     0.21E-01    -0.11E+01
    -0.18E+01     0.72E-02    -0.18E+01
    -0.15E+01     0.16E-01    -0.15E+01
    -0.82E+00     0.21E-01    -0.77E+00
    -0.10E+00     0.51E-01    -0.38E-04
    -0.40E-01     0.20E-01    -0.24E-04
 
 
    >>Objective:      15.9037       0.0615      15.9652
    >>Coeff of variance:       0.0156
   12  0.1596519E+02  0.1382199E-02  0.7018442E-04  0.9705526E-02  0.2054298E-08
 
    >>Normalized Constraint Values:
    -0.21E+00     0.72E-02    -0.19E+00
    -0.46E+00     0.16E-01    -0.42E+00
    -0.12E+01     0.21E-01    -0.11E+01
    -0.18E+01     0.72E-02    -0.18E+01
    -0.15E+01     0.16E-01    -0.15E+01
    -0.82E+00     0.21E-01    -0.77E+00
    -0.10E+00     0.51E-01    -0.85E-04
    -0.40E-01     0.20E-01     0.98E-04
 
 
    >>Objective:      15.9029       0.0611      15.9640
    >>Coeff of variance:       0.0155
   13  0.1596399E+02  0.5755387E-03  0.9833046E-04  0.1037022E-01  0.2643863E-10
 
 The solution was found.
 
 The final value of the objective function is    15.9639852928319     
 
 The optimal values of X are:
 
 X  (           1 ) =    5.00000000000000      in^2
 X  (           2 ) =    1.82317040702213      in^2
 X  (           3 ) =    2.89349977903941      in^2
 X  (           4 ) =    37.4588166846471      deg
 X  (           5 ) =    60.0000000000000      deg
 X  (           6 ) =    148.672002858824      deg
 
 The multipliers for the equality constraints are:
 
 LAM(           1 ) =   1.375898570786098E-010
 LAM(           2 ) =   6.215513972242464E-011
 LAM(           3 ) =   2.309595474536829E-011
 LAM(           4 ) =   1.488482446144332E-011
 LAM(           5 ) =   1.743993844072012E-011
 LAM(           6 ) =   3.391100657427046E-011
 LAM(           7 ) =    2.52498477989329     
 LAM(           8 ) =    26.5385150328231     
 
Weight, variance, SD, CV:      15.9029       0.0611       0.2471       0.0155
