  0.500000000000000       0.500000000000000       0.764258510945381     
  6.437835489529270E-002  0.961495749890007       0.350522178501823     
  7.280886582915402E-002  0.210986910788011       0.240592727058898     
  1.120809171467956E-002  0.535093453389593       0.130122642630131     
  7.902989817809154E-002  0.665911173477143       0.934887994551480     
  0.686649883830121       0.143440460447468       0.929177691959671     
  0.261834013116788       0.483361900849069       0.308380593301717     
  0.390185129726026       0.341944601748312       0.459795916777214     
  0.681242199942438       0.171652665523255       0.859028480006710     
  0.645738765624091       0.386319964934094       0.328380412994478     
  0.475070498767159       0.959830205946756       0.746514002592422     
  0.278485092581239       2.725378994277418E-002  0.414981550495537     
  0.512462839242915       0.205606203838459       0.756832286349834     
  0.508964102521872       0.530618362030815       0.945930631660000     
  0.423421342382332       0.431698834905649       0.511203713106724     
  0.676822079784900       0.335157336296794       0.821977392050893     
  0.974083970782640       0.622883165786718       0.574335115866504     
  0.453855931035163       0.346475576055358       0.552052758396933     
  0.321876994039647       0.358343967196895       0.374425085009239     
  0.732858211313964       4.637321627203461E-002  0.522003355351920     
  0.562584815890320       0.829477371781562       0.943153345095358     
  0.125424178407413       0.853080181727243       0.309510007754750     
  0.710980707090358       0.400349192742156       0.811522694536614     
  0.897890054022029       0.605438529351246       6.076883765327944E-003
  0.735133800880501       0.386093846204174       0.790737965512197     
  0.751028882664284       0.597108504867153       9.968284962589272E-002
  0.236229090001714       0.766600227660153       0.187811848421471     
  0.608804913019676       0.133889095500418       0.191806714587626     
  0.525936476131958       0.802322304089889       0.223514661236434     
  0.150048808939691       0.626178578214230       0.725293685891886     
  0.160463283396612       0.934642907151670       0.700297176762047     
  0.230363401847932       0.581672745497942       0.595557454820665     
  0.150932821899043       0.572311109976482       0.430227738788476     
  0.153436068346229       0.913941698215120       0.800000695748828     
  0.175373814836058       0.367418646816409       0.660377711940826     
  0.617410784739336       0.639960318102594       0.792524768841971     
  0.194745745269758       0.696614360043038       0.794030828629002     
  0.501366038961727       0.245602416610964       0.214742025183145     
  0.992487737382919       0.711201986835247       0.291020515435658     
  0.858815641901163       0.983329645506340       0.305333130921448     
  0.462573404624836       0.268282548585326       0.410142831368010     
  4.769483790988824E-002  0.369803448294389       0.874316325690152     
  4.228067763660791E-002  9.250114518716929E-002  5.409713372089400E-002
  0.475907466894403       0.615106600324337       0.538628157624565     
  0.302738525274061       0.326498634977038       1.189046880434502E-002
  0.691565697893727       0.392727519013686       0.114150152747319     
  0.991259394301564       0.468182116140100       0.279846139044540     
  0.294077877312390       3.054747567334903E-002  0.376044298224408     
  0.212950359545772       0.252856137252712       0.155929533083569     
  0.493556822431813       0.119876278893581       0.530125302939398     
  0.669016315753083       0.785432154336868       0.729737950373498     
  0.582645426693740       0.217182313100583       0.262144459174414     
  7.563765473118295E-003  0.884826110038966       0.467717763790933     
  0.547240591386214       0.100394967343170       0.869565997645293     
  0.620658885770312       3.236365200003479E-002  0.703969479592514     
  0.851929700558502       0.950921375462665       0.176370420596600     
  0.555404733111698       0.975216219676829       0.748418115737151     
  0.741446861656407       0.884645240387715       2.412141736234880E-002
  0.545532301581643       0.248356266567420       0.112537723982502     
  0.650489759497053       0.490229269006905       0.964593975283351     
  0.718438704356290       8.361434544744253E-002  0.921441521519143     
  0.115464246967308       0.255438436574217       0.409125497957563     
  0.779757704476063       0.187511352372519       0.456441420275120     
  0.564368031043938       0.678126141840364       0.516703868649567     
  0.869119351767991       0.165584520062208       0.449250513921468     
  0.314906552815113       0.927433285405212       0.771837745477148     
  0.363594220949633       0.338056937458168       6.547608490831383E-002
  0.921421143807962       0.906940737329414       0.951118183668933     
  0.777399781866526       0.977664072841696       0.124546050127055     
  0.592438663098436       0.833250747084085       0.719664134661904     
  0.643779525715663       0.761523478233182       0.498671911519252     
  0.138839128257176       0.965076448262110       0.423427092908220     
  0.826125486153844       0.287242114677419       0.484938918923814     
  7.516795252396843E-002  0.353143180543600       0.439381129508254     
  0.895756008740859       0.846582580300205       0.803299978656986     
  0.910373676533539       9.327564067596254E-002  0.902289897893681     
  8.827299505777834E-002  1.532153403815278E-002  0.566060000967065     
  0.638793571648126       0.594863735423111       0.837146480935984     
  0.180144773950939       4.304250016768052E-002  0.876421904361001     
  0.705376658408634       0.198519119921778       0.631910090394047     
  0.419245471924830       5.487399085889480E-002  0.273913822434639     
  0.893118565194328       0.318468626782802       8.647331943170582E-002
  0.288469885414438       0.990667477160128       0.840081723058713     
  0.812410772942950       0.398557616078484       0.447402839785416     
  0.817395417236808       0.362123697457211       1.821261406677837E-002
  0.663364845707667       0.885664164941856       0.577541967525394     
  0.441589643566464       0.244031409853353       0.652101259370687     
  0.993157320250977     
