  0.500000000000000       0.500000000000000       0.143424849177828     
  0.107993633134666       0.761623623152969       0.168258155654661     
  0.800894882539645       0.557023925521481       0.493501855413771     
  0.231391474720794       6.550045945486709E-002  0.436882606658597     
  0.673561508627911       0.117162776639648       0.548275512701582     
  0.796988823702187       0.472046568854762       0.541618685349276     
  0.567416690626413       0.994418977513479       0.434704686136264     
  0.630947732779674       0.705513106320698       0.366067770060251     
  0.641346746636145       0.198259116396261       0.316605583446135     
  5.840046958999642E-002  0.529490524632230       8.715111764183275E-002
  0.275687866682086       0.244247054384493       0.247443216125990     
  0.922628366343533       0.521252703475826       0.458989837617137     
  0.951068058791916       9.541184063981432E-002  0.307286139502601     
  8.221848065039020E-002  0.383834697629739       4.783916132127369E-002
  9.141444599774931E-002  0.317187998117061       0.558557194772043     
  0.987858670035701       0.817561531730360       0.215896653338140     
  0.325471132546930       0.419089355709371       0.752957747647078     
  0.781590403767540       0.291139934389908       0.327530801508223     
  0.601721333850419       0.452382789268007       0.772659863632390     
  4.878679459040905E-003  0.186071190638082       0.867525305455844     
  0.234280873057884       0.901478525704984       0.118266515753300     
  0.131232901943138       0.347532107835606       0.713951768134540     
  0.871218969010969       0.185532181507497       0.687303918310485     
  0.826530561611883       0.149982574713291       0.682635250191012     
  0.665390089848325       0.481842624209231       0.963533663079921     
  0.760177749331981       2.770657710516461E-002  0.206515598399019     
  0.370863425012986       0.146194406562191       0.734611719637667     
  4.351953871898206E-002  0.655869198563322       0.634722118369157     
  4.683126690794411E-002  0.563634257620024       0.175671730007376     
  0.652343970083031       0.505591923243209       0.926756562515643     
  0.428408077937720       7.094069595785957E-002  0.217868657217314     
  0.520460455946041       0.250631949220445       0.149525292885312     
  0.417042110253731       1.655165431043979E-002  0.648765386802658     
  0.614846662656738       0.845727557735789       0.305840923323999     
  0.877007821025953       0.910600144049659       0.457603951325602     
  0.263960494235552       0.445022780591101       0.301457815862378     
  0.296038536373004       0.509768086718398       0.207754217752845     
  0.947462838515821       0.835229520442611       0.751046203678209     
  9.704549213953574E-002  0.127123208348081       0.942668962688253     
  0.642331520509917       0.813402696566408       0.289718421297890     
  2.425881168288643E-002  0.159892079447643       0.194912179698816     
  0.397922399280077       0.586251906413206       0.468920666592433     
  1.652503904224539E-002  2.120305296715394E-002  0.479450455594323     
  0.671637826993006       0.692614515360884       0.391270199750332     
  3.821472028213398E-002  0.665403172409952       0.540858829043009     
  0.256806771765982       0.361128724437864       0.527559867925254     
  0.628086309040158       0.405122242189279       0.787880445359648     
  0.357414384756381       0.613067185103496       0.494757268837659     
  0.884400224643607       0.761564151076383       5.952971679591419E-002
  0.370155030768824       0.901271293825015       0.268996629865192     
  0.125350915299626       0.228193009275525       0.222374730620481     
  0.588530754060155       0.130996622936574       0.729961471894866     
  0.834553623870429       0.379889334271575       0.728077499077679     
  0.533986059812869       0.615040762956754       0.501872414161786     
  0.916708519070592       0.694435465062494       0.496226815930092     
  0.606219109139538       0.460242126769923       0.706218684993014     
  0.959149394083893       0.857805658014116       0.891756280702063     
  0.736024522543846       0.711112513503612       0.575159570580801     
  0.273519046526545       0.440847711283229       0.594248005781483     
  3.390555599660316E-002  0.351921249062774       0.896551200204255     
  0.997313734915633       0.602076884686175       0.163869338305599     
  0.876843127479754       0.408849643161010       0.772168327550769     
  0.921273712612942       0.943172890247429       0.260131925824287     
  0.970986578582515       5.800839720997152E-004  0.885187711038782     
  0.749471319594198       0.808575029096675       0.979147324401119     
  0.720514028907622       0.400640848552389       0.422403120824696     
  0.717530616282199       0.824664545048044       0.986609141036796     
  0.586549914112315       0.857264602490144       0.282021172176604     
  0.926908000406652       0.342684814904298       7.487292661298649E-002
  0.338546484729290       0.334231714215567       0.959943164432891     
  0.386549264910805       0.177608665456186       0.173862329461378     
  0.802785279175653       0.572061173371400       0.852554081780337     
  0.797278470687846       0.977369920869558     
