  0.500000000000000       0.500000000000000       0.956135825358271     
  0.625244576013341       0.994328995947164       0.485589069959482     
  0.760605632295286       0.783303706726177       3.544735671591143E-002
  0.717106266428283       0.129577992668844       0.673312551768282     
  0.817322792024833       0.412838070435556       0.670994840703778     
  0.935303488965578       0.483458451162668       0.499397588580545     
  0.656920416051521       0.228929820088242       0.154115524941222     
  0.428364280219430       0.609871596450079       0.908701562575129     
  0.697287390241650       0.303259766721786       0.333558048048934     
  0.545435887799141       0.402796499890620       0.458039418745278     
  0.873944404486583       0.268510868750239       0.310435492291471     
  0.740219865951840       0.513709202409416       0.850896816221250     
  0.422760018343962       0.608156103400337       0.547140509303383     
  0.157678650174337       0.595417920106675       0.763610075503600     
  9.142226618673162E-002  0.994538995672291       0.265735133662294     
  4.616857367535572E-002  1.526953031871247E-002  0.857656805414267     
  0.927679006976040       5.256274748159135E-002  0.110826344620916     
  0.178194487436417       0.194959421356830       0.207433277303212     
  0.780555741350399       0.526213597216775       0.288149754263754     
  0.340221117703125       0.225602855363241       2.315452524349235E-002
  7.304375392546139E-002  0.133715544014393       0.207347856510208     
  0.381538504241377       0.505180475479578       7.861640849716284E-002
  0.446300181177064       0.354758104451220       0.357388951810882     
  0.102388352714201       0.904405782556565       0.889824559655723     
  0.835792307971785       0.256983900277757       0.722295697341702     
  0.689387589616234       0.745736454778305       0.805511368700088     
  0.373083276302336       0.644207889275100       0.898429697819473     
  0.958092616510394     
