  0.500000000000000       0.500000000000000       0.500000000000000     
  0.990079141887392       0.116440438745574       0.717705380464033     
  0.848373012805535       0.749748139538579       0.239035351847145     
  0.340520362308252       0.546393002431510       8.480555710414607E-002
  0.508082271036468       0.403662469685110       0.974057095962201     
  0.250494022969516       0.502186840085996       0.624670663317278     
  0.229514650366549       0.636574268458446       0.928073673844497     
  0.305669908019389       0.433141762604998       0.457765730693664     
  1.179115093964338E-002  0.284192356453379       0.403929900770383     
  0.615050323633592       0.656229046875672       0.673371678735859     
  0.268436392387272       0.212179082845582       3.427512515263154E-002
  0.492799797364751       5.610097160906940E-003  3.204915180810772E-003
  7.442962320015356E-002  0.318314753044526       0.806185917317481     
  0.938677138824390       0.798407381991162       0.478477071494601     
  0.140789892451860       0.862280893965153       0.764140616758201     
  0.667487164830787       0.325573115898044       0.528992939492167     
  0.721485211506683       0.260300076713920       0.284334070577775     
  0.560773336069149       0.951624647156979       0.420371276905260     
  0.182165198263269       0.926033011903742       0.209462719039607     
  0.150487215821129       0.189772255313322       0.586977725380822     
  0.444518661703103       0.149353886339118       0.128748147520163     
  0.819264894074132       0.837826527113191       0.840703616528467     
  9.095707917972264E-002  0.585735321727133       0.970388891529848     
  0.745041540718334       0.982964056508028       0.767276438666364     
  0.383763096980675       0.706309506108284       0.556281138441717     
  0.641665073107874       0.767398574075623       0.152387931424695     
  0.435471980636867       5.018743255814295E-002  0.360434047812403     
  0.889343290729595       0.882531964316052       0.903276883813919     
  4.562847497720804E-002  0.450018377690666       0.198115690866766     
  0.789543662203103       0.694167972508565       0.348063475763803     
  0.860330669582202       8.699632008517950E-002  0.108719536947217     
  0.959916615797932       0.588328167193553       0.866904548868166     
  0.700914673640569       0.355035433888971       0.594164604364658     
  0.361155192850481       0.139360903209713       0.300976150302199     
  0.552973304145343       0.473994382562646       0.682628723384397     
