  0.500000000000000       0.500000000000000       0.196426400920820     
  0.938038704523351       0.993065743720231       0.398325115330559     
  0.637772897716178       0.213849738991018       0.449091917044574     
  0.718017779785423       0.124213415805398       0.106643043337959     
  0.782152182016321       0.985993031405620       0.395359512237835     
  0.603060656143769       0.807322193304221       0.113175083774728     
  0.573193779634025       0.151814823651095       6.785431752869532E-002
  0.442650200505373       0.918423807497857       0.349192626657322     
  0.676205352034840       0.571385323843647       0.692442561729005     
  0.618592392500998       0.936680435291566       8.234076463929638E-002
  0.624439590054354       0.264867664818596       0.247099139986082     
  0.830842615296704       0.286154846505472       0.171835302928969     
  0.768141593015496       0.563209061729856       0.428481088168091     
  0.272882327615263       0.608921577522659       0.333280229858825     
  0.890407976693238       0.186277788058071       0.323227935307146     
  0.461692986868902       0.328272356110276       0.492212130163742     
  0.891670964472310       2.745348134206894E-002  9.571806861455563E-002
  0.428842742559245       0.406306481829654       0.687246929961748     
  0.974858298411315       0.813697334528545       0.225239590753075     
  0.920192342493187       0.165438156821239       0.672700292836243     
  1.001078706986679E-002  3.745807847053297E-002  5.129829213131808E-002
  0.648833946126836       0.715850409766571       0.533950746612502     
  0.479655134579148       0.219289231334678       7.293778698561430E-002
  0.485020133815701       0.556294958314847       0.842479960487463     
  0.503909861792844       0.906150463678478       0.522138072953612     
  0.979933966796123       0.847319415664929       0.695634502360686     
  0.533782726545881       0.856353907507998       0.740830516947782     
  0.412850761258015       0.302134717031868       0.237289929407269     
  0.360007346385156       0.586389003340349       0.861652526406288     
  0.749070054387304       0.757647680428511       0.729494999714097     
  0.948201336433382       0.786096560440353       0.819861438295397     
  0.524891324813482       0.156647977677816       0.303041608755152     
  0.200742659167778       0.874863813149524       0.590963542592170     
  1.792578776683795E-002  0.269714900163254       0.133260467693311     
  0.134690693633476       7.231689042891488E-002  0.455578813507564     
  0.375431999992369       2.220953162925837E-002  0.958351154944004     
  0.657416278336705       0.771497518945006     
