  0.500000000000000       0.500000000000000       0.938232386809687     
  0.496698861589075       0.787218075841084       0.820583632309198     
  0.858707714497010       0.844882871849874       0.216050521092182     
  0.214032826972562       7.660095828748599E-002  0.545497578186046     
  0.432305943257681       0.234134610162240       0.484298199666674     
  0.184900046818860       0.895616450488161       0.164382660817847     
  0.442584770327457       0.624450796482494       0.282798279142858     
  0.172705499555236       0.962508540917318       0.266964830942493     
  0.726117624117426       0.779322113115696       9.834516821606960E-002
  1.041711148462099E-002  0.746397149335131       0.967716674927908     
  0.654635366835650       0.484578057411056       0.696047032470827     
  0.303410912670305       2.585502411396896E-002  0.807490946726941     
  0.151024096734879       0.951045869190251       0.416923409613383     
  0.453275599780334       0.302167914856346       7.624494697824206E-002
  0.662905559665581       0.350232319183387       4.529059602361638E-002
  0.509518103478318       0.311723427952735       0.724286289048606     
  0.361005715950798       0.671209340991042       0.634335598580654     
  0.522436298168162       0.109391261021225       0.586863313464419     
  0.271318359511903       0.904667151312732       0.582879587446122     
  0.768981130056043       0.203705085017853       0.885571169245728     
  0.544603337465505       0.696049974590986       0.387729410793507     
  0.864035631997663       0.342855100397335       0.128557129901539     
  0.802292100592330       0.208978031412649       0.616292413800738     
  0.124759878351712       0.561810026068528       0.656176876391650     
  0.707305327944522       0.252085465483973       0.229942540967975     
  0.575066287672171       0.461187461270806       0.336280015138362     
  0.501605249708809       0.745538385059130       0.155488201659928     
  0.798848968062424       0.332458820033556       0.268690741181979     
  0.860740424213195       0.293737750708732       0.196704118773974     
  0.315164904735392       0.808941147659981       0.103314455823535     
  2.879830419675942E-002  0.983523819082273       0.773662015774881     
  0.422855495147434       0.571301956952895       0.932306943213199     
  0.407201781939820       0.987019938764841       0.516405411973579     
  0.759603779414237       5.674496373755633E-002  4.100231687136861E-002
  0.839366100850027       0.407629809321567       0.620423191017434     
  0.414486969476041       0.241303825010595       0.606439651147808     
  1.837658952421103E-003  0.557977405308172       0.688350916379551     
  0.447377782712974       0.944837517512162       0.148816601711036     
  0.123593447668867       0.893019330644262       0.826624276100829     
  0.680115495278851       0.369983083143767       0.715213662293410     
  0.531030513324050       0.370670062412951       0.593217727781346     
  9.117559815415796E-002  0.914576174670522       2.208099974990543E-002
  0.971908544209936       0.382968437557339       0.134508170262817     
  0.635037070835965       0.467550008401470       0.927204470732166     
  0.873554586242805       0.595962141111059       0.916438025350640     
  0.476550727903872       0.996427280308008       6.414022883984800E-002
  0.756117047424617       0.356938794303160       0.256399172674216     
  0.859048251848877     
