  0.500000000000000       0.500000000000000       0.240805201684401     
  8.674537212388383E-002  0.437743815147906       0.131716484306698     
  0.373784346491541       0.815131525166274       0.440702497222436     
  0.499813137934012       0.605971943298386       0.741431733676408     
  0.738990351095643       0.703822066529034       0.132179186756217     
  0.688033957616208       0.164805302498925       0.449647006270133     
  0.545640454399966       0.239706292420375       0.871251937292223     
  0.676240982227051       7.513030051582717E-002  0.177693909864592     
  0.108219203317140       0.164464450637847       0.930037797913613     
  0.288853337321826       0.201449317082342       5.017520645535403E-002
  0.578896931291289       0.260987034607480       0.857802869586219     
  0.330438964792824       4.788531878498560E-002  0.519141951226266     
  0.415294394895624       0.904167520308310       0.504580413592021     
  0.961491354550223       0.483011250137592       0.257106043674546     
  0.588058600449678       2.397267609959420E-002  0.894156188068441     
  0.920003162266773       4.401186681757024E-003  0.605507776987672     
  0.611194002396811       0.465837054166019       0.697148848947854     
  1.999858634259401E-002  0.340254828847917       0.565678869998325     
  0.651672494696546       0.791734357418951       0.906809386031399     
  0.106311437079544       0.206025194059106       0.854974685886028     
  0.317121948001459       0.413478271673177       0.273074444771970     
  0.621446850512228       0.281294409128258       0.151598584563191     
  0.838729724594453       0.400556825878747       0.946211602492722     
  0.416999516867918       0.809863771458800       0.836722696856204     
  0.537710279617454       0.214096403973995       0.296669539086970     
  0.318261591483663       0.776628831982792       0.719197282651374     
  0.665947675313794       0.380190195891117       0.223028439828316     
  0.204936957087306       0.113145506349874       0.431617544024089     
  0.175851065720824       0.229770282165171       0.461445846035349     
  0.187334601707696       0.981008474093865       0.982089110207273     
  9.032297508516061E-002  0.511001100373490       0.721163604995355     
  0.710100723593634       0.652888934039537       0.314546833447285     
  0.755999796821096       0.936944365173579       0.976225624435361     
  0.650911768337615       0.188114837741553       0.772966864077772     
  0.713493660016195       0.872062091122015       0.384573110673332     
  0.590262123035502       0.879821650753309       4.111984052237463E-002
  0.364731404901099       0.876440565002406       0.332857008832735     
  0.752306332554537       0.451342963609124       0.608036871607626     
  0.788605110574162       0.365588750964787       0.423172073478461     
  0.573732976142731       2.831985797514087E-002  0.763837896673942     
  0.308931645065791       0.969596824453143       0.551237277367714     
  0.193603867807272       0.768516225381141       0.664251182935216     
  0.935346052224392       0.137047323692207       0.911661535554441     
  0.298189521612734       0.508911210935081       0.896008851721655     
  0.675216570847550       0.445489994394515       0.140187134596983     
  0.990785233279625       0.630789153770347       0.633033709973628     
  0.628363599387634       6.048487846425515E-002  0.491284580093642     
  0.659239993004757       0.851398315221483       0.947686033157574     
  0.822270452035285       0.276013215368075       0.517464886932478     
  0.482200584514653       0.155950180316511       0.547471137909087     
  0.256927779372197       0.538426081199030       0.746985669966845     
  0.821528743733301       0.958941654424123       0.927977949216183     
  0.404296022049115       8.538549685755462E-003  0.688635847689562     
  0.844483227752301       0.801568525844898       7.230546371689975E-002
  4.086556397360041E-002  0.485119705507823       0.996073036494261     
  9.228373016591299E-002  8.941200597321129E-002  0.338495597254358     
  0.264438333892224       0.556177212560796       0.235302451034417     
  0.782771064840169       6.537319652676261E-002  0.123174415806358     
  0.356527516600833       0.349709837834058       1.190410176152219E-002
  0.382233242300332     
