  0.707416437755607       0.630291385355805       0.847231433001290     
  4.806936506303983E-002  0.807313701885978       0.318694494579255     
  0.601818657154968       0.321387604120636       0.798370410123477     
  0.566170805161200       0.161462474500060       0.511483032540503     
  0.132722402982886       0.499808977026723       0.695327918410544     
  0.465426962384028       0.289476976673740       0.476324810584855     
  0.930956846395250       3.954703492813941E-002  0.991091567362084     
  0.291717392430325       0.967016072319550       0.175972735354379     
  0.394214657826133       0.739127534131842       7.376316844737243E-002
  0.865754167390196       0.516466188577283       0.237572160425276     
