  0.500000000000000       0.500000000000000       0.242772892964103     
  0.625207551529026       0.810327865755659       0.126476484114534     
  0.864650300174064       0.690268531787309       0.703910834972891     
  0.974792702036812       0.682034985795862       0.183048420179433     
  6.726947371030800E-002  7.374534646528745E-002  0.598044662131529     
  0.806459113447832       0.284004882599354       0.632003943313481     
  0.164798707949201       0.406064743730832       0.561358192557918     
  0.519621601690339       0.326089720442046       0.438154387123297     
  0.379405162816403       0.323942291161569       0.136255675547465     
  0.287561243924732       0.785981058996656       4.182666460994787E-002
  0.457342810919296       0.875488978603815       0.929044205439962     
  0.238000266044715       2.490822829746325E-002  0.754681964216179     
  0.474698280719969       0.939772597140551     
