  0.500000000000000       0.500000000000000       0.500000000000000     
  0.213190857966401       3.566097303069855E-002  0.567714453878345     
  0.156720864928837       0.107596921278137       0.359435031215554     
  0.109026144788206       0.135079115516386       8.254066460331612E-002
  0.648792273693487       0.825419125692769       0.173993475134585     
  0.730004845857407       0.877216545125740       0.873553978348367     
  6.100954758668706E-002  0.755285529305738       0.908670626281201     
  0.445437306637105       0.373746115476076       7.069417799713917E-002
  0.609740195512879       0.304586004951824       9.907859471195750E-002
  0.251292072839203       0.263941747259159       0.532781914333257     
  0.176013140379900       0.866047636691315       0.987373339276235     
  0.412270656695050       0.966977706756980       0.711249449230053     
  0.916985050459548       0.559534865151679       0.955000456853092     
  0.579337280026757       0.116971365709715       0.301373993597984     
  0.226013248324229       0.662381165246712       0.757927802831794     
  0.590171839337580       0.524302281555091       0.970843067344630     
  0.496364625556995       0.281779432017306       0.785519830424839     
  0.139392174392642       0.837928413310375       0.159326184729147     
  0.546883720726771       0.338204836812316       0.824172262795927     
  0.387737742555452       0.324634337901384       0.384959952747169     
  0.983601458018201       0.636563490508113       0.456708437597506     
  0.404197676686252       0.490700923741627       0.434942591928714     
  0.321366570020409       0.645207945253784       3.666428516031619E-002
  0.787652480175129       0.198341684129844       0.520988522332599     
  0.278132858586062       0.166366338523516       0.674384711245967     
  0.825331070000390       1.760229553507828E-002  0.891088294624082     
  9.291669713795291E-002  0.986708597051125       0.781837318395193     
  1.324764344092453E-002  0.785303682798580       0.310824772939601     
  0.305317236414660       0.425083754640162       0.466741410308004     
  0.655198219159274       0.947881632763609       1.563667244851524E-002
  0.293281006803666       0.408920703754039       0.733090075094071     
  0.608663960946351       0.672296982409355       0.928950084569651     
  0.931133667130051       6.349930104663389E-002  0.849578609761273     
  0.766442008679491       0.696520811622052       0.751752236708001     
  0.677796409321496       4.991077529842460E-003  0.236074246629859     
  0.477874664663074       0.290837149939271       4.768919871376057E-002
  0.958329584511014       0.404326856283422       0.657290322141324     
  0.717790646339967       0.231618494557125       0.976994958404977     
  8.130608609419263E-002  0.609139483496460       0.281802149640653     
  1.863536975126119E-002  0.937733908005868       0.190758001667649     
  0.827847818918983       0.247415052072668       0.127705044759084     
  0.841191123638123       0.232316418139416       0.135788725637274     
  0.189070058932829       0.382619379684567       0.114155268679773     
  0.990335557112385       0.843334653530652       1.339781367219755E-002
  0.482751870401492       0.360304500798083       0.698793530944628     
  0.799091638964275       0.173976808516470       0.347512270309540     
  0.782451436658356       0.593438127670922       0.580756090527859     
  0.342455350001316       0.494321922293121       0.811091763526579     
  0.893444291805756       0.546808851448516       0.917820328254659     
  0.857342822444415       0.477235869807015       0.327996110729604     
  0.563715376025975       0.903263858453953       0.369763475359940     
  0.509252416321729       9.769802528161629E-002  0.426324584017691     
  0.164781410937670       0.459986279972703       0.483660402284816     
  0.742043199390026       0.772016206366419       0.619511640473159     
  5.628403480544956E-002  0.885076056039246       0.494460282557795     
  0.704903421333451       0.719650664107507       0.220055906899510     
  0.427744388502415       0.574508764744402       0.392670740684438     
  0.360807131927259       0.971707618127499       0.269312597598749     
  0.911553269480257       0.214575550645228       0.858566980101801     
  0.374350890852890       0.748091298908294       0.601901240737751     
  0.454553009971348       5.451873065414798E-002  0.255602361570696     
  0.237655984429137       0.441233650291222       0.169760492081178     
  0.950796972295731       0.799467696660784       0.410967229118519     
  0.870800338652279       0.682563287139087       0.561002408226039     
  0.526798976324158       0.594790136279862       0.550083759813417     
  0.635032765774654       0.724776977895938       0.634562790594238     
  0.271056703964162       0.515073294255173       0.212763556438536     
  4.132788253620840E-002  0.923813075371538       0.641730752377081     
  0.119460927438688       7.708241667222288E-002  0.684697234174483     
  0.692850943409900       0.147365419944216       0.836849556275215     
