  0.500000000000000       0.500000000000000       0.500000000000000     
  0.521486782856219       0.819247510884682       0.554831962603105     
  0.575727927935565       0.303441781052600       0.745006021997880     
  0.785600646345567       0.367066818359647       0.210948567715109     
  0.116378962679601       0.923595163443914       0.465209167150287     
  0.718067871175568       0.969175185355489       0.191524965628946     
  0.829868772549469       0.506287657473169       0.907465776580887     
  0.236039222130596       0.545080233103451       0.303622795726753     
  0.374364266297048       5.583049511195151E-003  0.725169920698054     
  0.308644712382199       0.150102613291737       0.404541419049639     
  7.589157429062625E-002  0.458832160315732       0.811840525641469     
  0.983373333714867       0.855276354765566       0.498451318111889     
  2.930398823334745E-002  0.682326135491631       0.997619317963292     
  0.617393421760311       0.171148726550550       0.145771790459615     
  0.847029033339606       0.759805041595383       9.174544858449489E-002
  0.438015974697455       0.727544640282316       0.860491236409803     
  0.681855176228612       0.579611368600161       0.644631408503472     
  0.203104813626370       0.370377326654588       0.583240624175856     
  0.319444763769777       0.247518559075284       0.367275790577739     
  0.908144681891570       9.705399005596262E-002  1.473860151595903E-002
