  0.500000000000000       0.500000000000000       0.303463825774696     
  0.606054239545248       0.316519819796708       0.919121295961653     
  0.127921673575694       0.257828144074369       0.841636773911165     
  0.869341610436087       0.975466033961749       0.127894881625059     
  0.623150045326160       0.322378942330423       0.558673867926559     
  0.222883758093569       0.528249971974562       0.283184361759513     
  0.711072089673224       0.583016374498551       2.309391548975608E-002
  0.101033811117435       0.208403174059510       0.144228996422558     
  0.735594695374475       0.711915293316202       0.243493444833107     
  0.953438233432843       0.187430760187099       0.643285877385739     
  0.148786477893577       1.608606974519817E-002  0.102609829043666     
  0.427539739056931       0.390982973635006       0.970739169626501     
  0.423251687007012       0.730465296546105       0.866965604209404     
  0.792308021511276       0.470220296620620       0.493331362995477     
  0.785628770505278       0.454700632986921       6.274590616735409E-002
  0.188021375499045       0.363548428068794       4.077526766681269E-002
  0.606706430903140       0.413371957563567       0.673604896909878     
  0.680421835576686       0.932674794458530       0.367031939063911     
  0.810098052176374       0.809248142705767       0.904169839938458     
  0.550775849450866     
