  0.900383826857591       0.946875779072007       0.413096374162292     
  0.700977995875695       0.766218882631222       0.660760557260150     
  0.937176683678197       0.365760397335502       0.477685880894950     
  0.328522590258216       0.534998031767954       9.160020381199127E-002
  0.179174472963764       6.191993286393991E-002  0.699625482862738     
  0.210367105684333       0.338311654812099       0.255490495883798     
  0.864945245773183       7.898243875407196E-002  0.928764323868480     
  0.509745723141190       3.284814321992850E-002  0.591991260887620     
  0.546368842627363       0.203743104300610       0.872121753296635     
  0.396138057039930       0.135353983675214       0.875307676172942     
  0.767324688863177       0.319403638500815       0.396113438913003     
  0.101045738789685       0.516952300416320       0.353567829566618     
  0.475731839158409       0.567313112127758       0.989511529315667     
  0.625020736025189       0.631475546586207       0.295273221280880     
  0.998510375372528       0.659511480123472       0.182030085733269     
  8.887890693140481E-002  0.734446443632886       0.504650925288034     
  0.962788808432566       0.816378146288694       4.310132012052902E-002
  0.841503337474835       0.842504688604046       0.603887281789652     
  0.246592954182599       0.251301383728233       0.158545042135555     
  3.778096610276597E-002  0.872356321567121       0.341523179861088     
  0.359697300525661       1.769659843560803E-002  0.805083939970707     
  0.882529943381286       0.376729922963555       0.220779092187725     
  5.758415944923497E-003  0.299815250000452       0.834202417525537     
  0.406696791437426       0.619906779608061       0.440031359863154     
  0.802973694751336       0.798244890335766       5.706523336994664E-002
  0.653887688335239       0.476871893835096       0.145377254960159     
  0.615377853817136       0.885919688111023       0.230524133462411     
  0.780589118252953       0.452198091650824       0.544111107646928     
  0.461310482344138       0.193326377340708       0.725386238866645     
  0.145276767955152       0.961423981543690       0.316516632046385     
  0.316639040219482       0.102857814939941       0.970034818243125     
  0.152348983603103       0.431295698127049       0.450190229981751     
  0.679367419427201       0.411798426897945       0.922195303449258     
  5.321831684692461E-002  0.721160884233547       0.786465091367795     
  0.290251249116157       0.575981331989574       0.643790628698962     
  0.577743908787348       0.243246749644716       0.114096560125471     
  0.741874991387577       0.998121294935933       0.770886041302475     
  0.442980265974040       0.924604008729484       0.556696189232607     
  0.269330241643888       0.169574738255402       0.717852438365030     
  0.558371325981534       0.692625875906380       2.093161688817615E-002
